0.5394569135088019,0.5326394084310533
0.08792943464452652,-0.20596389098772994
0.3149047805048222,0.44003423933403774
0.594172380327332,0.9304554556212334
0.38113385412571366,-0.31271582899158945
-0.9446396198323239,-0.22821603600011398
-0.08338588820498294,-0.26967136216880494
0.4920177766957854,-0.1610528124467383
0.10442445061967032,0.632047656368238
-0.5359436099001063,-0.36765374979985777
0.16035997756889286,-0.6569812727188098
0.6632072422204707,0.8370847155819967
0.6377742901150318,0.48186377365342303
0.9125889160208553,0.5480797511950963
-0.2764258589323221,0.5351689196739755
0.3278687067196655,-0.8608584298636652
0.710485014146063,0.8207880862615908
-0.10357521649035784,0.10518459707501737
-0.13608889609650765,0.04466972887384735
-0.2046287424910911,0.9743098538247066
-0.5025845317672586,-0.16982632664038988
-0.6037386544616454,-0.7834213790910616
-0.7709510179015762,0.21017388522984382
0.09373661128372013,-0.03112628689290453
-0.8885391173829456,0.7460703943285385
-0.1526570571868382,-0.6496767045547691
-0.38807465655938955,0.6741621429888265
-0.359811276545247,0.16034112431019354
-0.7358767763708542,0.278660502824595
0.9350712536012444,-0.16858607708104634
-0.7782800874443982,-0.4480485223976105
-0.35184672816704965,-0.34865429798773917
0.9144844022894592,-0.8734573890819852
0.16222218263732535,-0.5252533311136569
0.5408968324022358,0.44945840727163655
0.4660198915010967,-0.588868055992791
0.22689579254062542,-0.7813228264872061
0.6330818269447607,-0.6929252297635116
0.33861917835285027,0.21252925665245503
-0.4570202230621556,0.2324355463686707
0.6576957606164036,0.8168052103871151
0.9998134976126349,-0.3642332979843439
-0.0891522271828693,0.7906507676175871
0.217250827876033,-0.6484276928682962
-0.5087320424131565,-0.8888465788436992
-0.9836308450723044,-0.7778218287216894
0.11743724988915583,-0.9021471399030396
-0.9779970897421044,0.7395469987931511
-0.3542467164189613,0.4422377830271167
0.6452568633735414,0.8174514229548686
0.2865417309013292,-0.7463837822643173
-0.29570398028341915,-0.42800449536911267
0.06872730715115982,0.7815785333255285
-0.8375223910052589,-0.1814465869741475
0.5566423600101791,0.08659735075735076
0.6523434570105857,-0.11422755159083886
0.5431561823895872,-0.39586165645532656
-0.7940568398559025,-0.6976343365597741
-0.2734904177616422,-0.7160164425476632
0.926413026357948,0.9299967333017549
-0.776056571591881,0.7852969892265043
-0.7873119094066758,-0.8043610217058568
-0.8165874527917265,0.06929027276593147
0.5886777849515046,0.21936780074545514
-0.2746202057727902,0.655174665150571
0.1901883761822376,-0.16137590772795884
-0.020112209165210615,0.7914132701094858
-0.4726697662294228,-0.20243543688043997
-0.920190696158887,-0.15688386744368987
-0.7329014932049938,0.700192220627847
0.6293803977762851,0.3077481303636307
-0.5297287753493509,0.7185401338883028
0.38782330217552863,0.04514878664546118
0.9687205232163572,-0.4977428967511308
-0.3089306650244803,0.5441898763303887
0.38368662436020773,-0.7464753779736992
0.4802954327908613,-0.6527733030194678
-0.3374832730588171,-0.48868881412319753
-0.2858097962069224,0.11482466506261368
0.9508244560589543,0.8315479371721743
-0.5874299912023855,0.23707342590386715
-0.881021138457156,-0.745111053361273
-0.3878328244293636,-0.6158733103526859
-0.6737157375144729,0.22129622833611795
-0.8888838435059325,0.9374357520990457
-0.3668336369602039,-0.5792309874152686
-0.9631325673673494,-0.14552798104147646
0.8611322010104863,0.9621134108682441
0.9929601782915978,-0.8064386720634134
-0.3477741926864151,0.19672847671639127
0.8232899242671712,-0.7382170409100521
-0.005846757626324139,-0.44803902762019265
0.8782088869668245,0.1477120848012965
-0.6457953264415224,0.8086610751038967
0.07500108914213777,0.2621141136400882
0.004554236561451708,0.4001479146554858
0.015976134288519184,0.4335267279676256
0.12347114948442317,-0.4851275293367139
0.9606304116803155,-0.908006109527157
0.8214290537301172,0.05264418616159694
-0.45597460963341385,-0.8769559690877606
0.3680532313640601,0.814364407499707
0.7917380317155311,-0.9146670847516496
-0.4147006598863623,-0.30221076132899216
0.20244016463738546,0.6591997192872059
0.6242090085582386,-0.8730788238967426
-0.5476334552035129,0.42971275662036756
-0.8429573220327382,-0.539791250314769
-0.37836411520807856,-0.5933900491559696
-0.6064590465229005,0.7028096615650115
0.750590449257186,0.044866766121654855
0.26952119774680217,0.4907519339360116
0.005024592427494978,-0.046547263880696965
-0.3420330738249573,0.019906668419517937
0.7623745876586991,-0.033834232918593
-0.48277722569808845,-0.6397384531262607
-0.47335433060201004,-0.20273884446162338
0.5178595969495394,-0.573934594771011
0.7380552324364089,-0.8840785464213534
-0.12077263645521641,-0.23501017701114124
-0.7359252267927416,-0.45256020774635264
0.8986679051129531,-0.7154665036878787
0.6417551484562967,-0.15468073479985844
0.9708110137039714,-0.9485279206554218
-0.01307611750361204,0.27731735720534845
0.7713319443829356,0.3802354617152064
-0.1059537623890765,-0.8702060884688505
0.7190003013398485,-0.4313289367457185
-0.37875583096667653,0.15854813271547852
-0.16819536025917148,0.8447318987180295
0.38817141108305897,0.8006596250719329
0.6573891152837896,-0.6447959125936731
0.7101451784009067,-0.9893256084610833
0.0849922767558855,0.35766805265246693
-0.6498611973307131,-0.3041920262183573
-0.46446893978175297,-0.8305341325431392
-0.30905791950470674,-0.1013375376141723
-0.7215736607460861,0.8825237570065447
0.11300019230895986,-0.8877145539470344
0.4382190305307645,-0.629540790298535
0.30914374187391536,-0.5887750882362115
0.6309795060896961,-0.3055219882628468
-0.6243729934694255,-0.556436733209901
-0.8900344609165116,0.6571464191427763
-0.010405918580483009,0.752741468450266
0.8019379797797244,0.9582003436769531
0.016295243420294536,0.3843124471549968
-0.32000469317225977,-0.8258666181501955
0.48507959546988877,0.28159099653109676
0.545742714632548,0.6133810407669371
-0.9686068194369859,-0.4145041140954837
0.4830632061668856,0.9914995942574387
0.6227146347113162,0.6277070688097921
0.997712208871586,-0.17418644861040966
0.6695631092525611,-0.8574094304131077
-0.8285899972297799,-0.5334142494248395
-0.5315820998693477,0.022169789250034766
-0.9639408249320371,0.7618408276097282
-0.6684098065377897,-0.20024790814847626
0.8131681095725989,-0.5044478837500281
0.7297922618646744,-0.028353926470527036
-0.33448632112758525,0.9439787694875093
-0.6936485596920328,-0.7472660122024701
-0.8274697702037965,-0.8374801202021593
-0.28227983875242213,-0.08950871031307517
-0.13213492473501143,0.9455285045672133
0.9131358688390299,-0.5666255536582256
-0.13300712078824706,-0.20589204901054803
0.6869875492614521,-0.036675636367030195
0.8647357048406044,0.6819907938167342
-0.8793499291180529,0.15846320945619774
0.5969879773999416,-0.07282222976640207
0.8762485173824672,-0.5491111210229931
0.23789830682017787,0.057094491836475525
-0.7869797641282794,-0.9741998069249713
0.1432145131315694,-0.8024013581525224
0.06764323130090677,-0.7279866064721496
-0.14755017181668761,0.2212518906765959
0.5731042224487573,-0.05974012468189649
0.3269826242609597,0.6578460815514342
0.9863819642577067,0.794482026705982
0.028154315769151506,0.2002531880056857
0.15342524049323947,-0.847327683721397
-0.37111657654552443,0.5312457057785616
0.3606069613071272,0.38762959820697485
0.9042673472239862,0.15201274505704143
-0.29495952694391714,0.19433427387615088
-0.33890408822906815,0.9106749892239334
0.9618456018004662,-0.7705280599794653
0.4431540468922761,-0.99082025237535
-0.6653433660082801,-0.41003691693591016
0.18864450513080766,-0.5904641794447576
-0.5536334533030349,0.5211858558597686
-0.9819860677087788,0.765425443796736
0.4603050605949801,-0.2680951891602372
0.8949192458479556,0.27280960156431333
-0.6822480643345421,0.7417492755993207
-0.9699755564495507,0.16321970580942824
-0.2641111414120485,-0.20158973668255675
0.586770778848076,-0.0439915693711137
0.8309977229142671,0.07555576585260071
0.5002161779395369,-0.9590906271695365
0.014914832869539207,0.09879049142320007
-0.9655062706304207,0.6798337432351065
0.15845502299780434,-0.35418532555635807
0.08139163716144471,-0.9030892206712233
0.9237220508213564,-0.2717347626391138
-0.8579904068043736,-0.03164412407569239
0.6379245108338933,-0.313449749660049
-0.5645989391224497,-0.6711707314333955
0.11452056134420507,-0.08468437431817266
-0.35743726849051405,0.6785263287458818
-0.5767830591046299,-0.7139883722505087
-0.5789135164098931,0.9053175743293067
0.7685516544827837,-0.05564547379375573
-0.9847585990141354,0.5288358796554333
-0.6425081552888627,0.8343067030237823
-0.9617922477394192,0.7284861833539173
-0.5803170685068582,-0.9634729301792864
-0.18236343815583922,0.6349302514342057
0.389686830890299,0.8080718675760583
0.5726624613535629,-0.5553217678761122
0.6687505685883159,0.07145300096384477
-0.8700492031923477,-0.9400032323089564
-0.6456492462013923,-0.9750093000377225
0.8883119482604618,0.16142051567142657
-0.14103919257971165,-0.4672757432046917
-0.6941299312065954,-0.11226637598293188
-0.5648077934746283,-0.9990266431834938
-0.6892733978063044,0.6283642796419906
-0.7173361547047519,0.5599699784010379
-0.27448957324050927,0.8257149277322693
-0.8673435894450396,0.5428101085151733
-0.9518374748025389,0.14002768618671357
-0.010187886523188805,0.4903011668380035
0.7457526706563782,0.8469636836371568
-0.944156775620242,0.20911056554663277
-0.4049178721864568,0.9181523285363076
-0.23158428575717638,0.7719478897259566
-0.456723019399059,-0.12245488075054878
-0.640921923130001,-0.22765821185922075
0.06353113018192147,0.23148662359537608
0.36730731797479654,-0.3670987339092944
0.045610536121111434,-0.9620067727064678
-0.8565510202289877,-0.6852225043125866
-0.11231561279813884,0.010808591521123345
-0.4684707239555699,0.38737306066051547
-0.35450003332313584,0.4463828146145008
-0.35637808311837316,0.09117080853888226
-0.15312632091450307,-0.7829997593222056
-0.07934482372952978,0.7628848023958066
-0.1060782065840109,0.09085932433695976
-0.47975329369818054,0.7909631410570392
0.8524086789355441,0.7199859924250194
-0.5196414479931253,-0.8692003988195491
0.8670429268877695,-0.22056051960040834
-0.9217335173304513,-0.667158127784852
0.443504998638365,0.9463486605324243
0.33754119515294567,0.02310862215832854
-0.5975562004722654,0.6748947083612542
0.7314430298853027,0.8244590996903896
-0.5623691027669464,-0.9465664727687932
-0.21066667778958847,-0.18171492128094546
-0.10008301260185704,-0.5774698717100704
-0.46658982752884826,0.8201237908332089
-0.3194145347369981,0.8877551780844548
-0.5437214347812427,-0.020981774842819823
0.882153169840471,0.37867162497321627
0.09556824582437562,-0.49071963339393854
0.3416206590321511,-0.5144818705747765
-0.8299840378120229,-0.2753606989620512
-0.9893726439696329,-0.05232664087198158
0.7121316895996845,0.9685858679650243
0.6989201919874879,0.37306422671293316
0.6657713973194088,0.521052876869387
0.7519981062598573,-0.46474176025070957
0.012642620567331342,0.11039804042225176
-0.13925325182084114,0.425059412179031
0.6499712765814347,-0.7290147598105765
0.39033164875713955,0.126004064002194
-0.03773737710377523,0.4604873356289301
0.36757116576969007,-0.4617677708351322
-0.6867093345867143,-0.4126373094774669
-0.41953642483473175,-0.007212587336150156
-0.46984455170342554,0.3977847633853615
-0.879504720938896,0.87847646780764
0.859448569815608,-0.9673674404936676
0.13781128208877158,-0.4540016199519228
-0.1537271211276654,-0.011021302774042452
-0.41871869294779573,-0.04086927819130204
-0.8799373378931625,0.7068384686369531
0.2599484858238281,-0.16966196729579885
0.1668566090307506,-0.9492274479153886
-0.31069976304596514,-0.6917527539610897
-0.17412376308783628,0.0672637287183897
0.8752552011984687,-0.32298851789177085
0.46896829499114934,-0.427383816131512
0.44071142012353315,-0.017337726232224293
-0.39533025663238486,0.3624539613309712
-0.6860443111698367,-0.980871072426527
0.9943604941298241,0.13272339138170164
0.5751864993956408,-0.3133191461767706
0.27616900855379667,0.5634325334797692
-0.0031440413132486356,0.37812745029078854
-0.4369990443724583,0.4401882065141445
-0.684510606464434,-0.24681155902536456
-0.4857362650618142,0.1749206754996342
0.33709460085678056,-0.9709747558267423
-0.023437387872509374,0.6360120402125489
-0.3947744975050511,-0.2549983409040153
-0.5531526115372809,-0.1906250057908343
0.550218427107082,0.8523220329909584
-0.667807983007735,0.48585465327111477
0.7900721423156849,0.9342707535238537
-0.736407984647905,0.9066551305588122
0.5678959341744267,-0.6196429236514098
0.5668685023618918,0.09732130258084215
0.18780314984774127,0.4177464948938472
0.4019699834480308,0.48213315617832153
-0.24941898885775426,0.04593772423005338
-0.9473332421019851,0.29459845072961666
-0.5075801699625062,0.12572370814337552
-0.6181644546050287,-0.7139413051348824
-0.4055607687029936,0.14105115945912905
0.5632352395266969,-0.7167496849136179
0.45770066441227475,-0.5175259749482837
-0.14112197423260797,0.2569908120758555
0.12784940413496715,-0.5065286509727946
0.4318026163266273,0.7379897320462132
0.8054827730815302,0.9759805853481738
-0.03273994899516719,0.6521098985035136
-0.8072071677779704,-0.6309256050198411
0.221025484439068,0.9462344651802126
-0.19601282364875772,0.39478682282328914
-0.4782475396679664,-0.2627777253665107
0.3064426654553498,-0.39232594750440297
0.7249890942103265,-0.8597373733178604
-0.5384994050477221,-0.01022813224117769
0.14967921222218283,0.41926908833216214
-0.7017338300415414,0.5001904121274743
0.6236739767163788,-0.34922122701062985
-0.21927412031719729,-0.6813343293130685
-0.07701626913445114,-0.29584673945848494
0.41795193162951816,0.4149640651922546
0.6102008566303665,-0.9852957603380339
-0.9808856987962613,-0.968884470571914
0.560730588346795,-0.6373042319887832
-0.8905250841174019,0.6810282873376319
-0.6888334561325069,-0.32999703652693
0.4004915672699878,-0.6478832183085688
-0.22764631612881336,0.6875345860080768
-0.8533882834740192,-0.2638482768192425
-0.17961718156098816,0.37035640149788485
-0.776709663799594,-0.4783793882141596
-0.1880358250069436,-0.2762215408972095
0.325218334172094,-0.9525360270534649
0.16633155229279928,-0.0475005342932906
0.8107015558052415,0.9481309737661541
-0.18596953042384845,-0.1437719667876598
-0.5924165421269907,-0.18752300387339527
-0.46635217074753643,-0.41097012414476586
0.2480575604867976,-0.6658970611870914
-0.019257047706060737,-0.864023080670677
-0.4858308715598909,-0.05168587785803114
0.5589439641057719,-0.8404960332353455
-0.6472413850178949,-0.4690441152196312
0.1913754116727906,0.22920502840147639
-0.34194816835233044,-0.6230401934526983
0.5212870313205398,-0.12736907934886643
0.8220564782132906,-0.6184869242480555
0.10395651203836853,-0.6290230584922345
0.6173760338894079,0.1143424144982097
0.7476418656656083,-0.22762185232721377
0.0040064521970117895,-0.6923195912121236
0.31956281443214607,-0.7931424793161452
-0.15886665740180694,0.17106232065330085
0.05359269655801313,-0.7391995440940311
-0.7630988532480634,0.9011773211169047
0.6795468845734751,0.9051575692468108
0.583578722852685,0.7725783671915507
0.5396553933151389,0.2704051825760858
0.20249800610092716,0.2751315173697175
0.26601200683529336,-0.5773782977316257
0.9625975634287096,0.9066643283668869
0.5634932596155415,-0.7811340871464683
0.23835342577554708,0.4343507634256334
0.17584681879147235,0.30637110193619876
-0.8626649613797088,-0.2940511743881604
0.20834830964374662,0.37889759878991325
-0.9454242407607016,-0.5779161315936905
0.6386319366468547,0.9149138697953576
-0.6995991710687444,-0.32664940506808526
-0.9319987824575497,0.7961050341529188
0.8003097595151452,-0.4989168373852215
0.5487308281255452,-0.5589649603380926
-0.32003862288077434,0.2582216714340284
0.6685719173509128,0.3876176616477476
0.9252649787511402,-0.8732182894593081
-0.018121581261188346,-0.3806209026887384
0.24703248937317634,-0.20898878770547413
0.34747340430303986,-0.6456771081991108
-0.2183994332984076,-0.029603044217535235
0.7665784512117837,-0.49846282495871175
0.32328465182147026,0.28426221008573593
-0.09016831676058068,-0.46048952213951266
-0.5885208152273176,-0.2502265143357634
0.6806236949379141,-0.818547860258082
0.7846733804132227,0.10775392207471701
0.882683655047587,0.8667408263436567
0.4656020742786118,0.12577811741562206
-0.6569498704514831,0.8539527739956987
0.05620749591055518,0.0456020438957232
0.6872661402045317,0.48974911703273283
0.6980383680862237,-0.5779413623135004
0.37183858851874363,-0.910768881792732
-0.406832670889796,0.7431294979135319
0.5497080538531289,0.787198246161273
0.9826605501837298,0.4259795015729386
0.8776756872518814,-0.2939257820103338
-0.9559142370667963,0.05132038621980417
0.4704384695505164,0.8350927795161753
-0.7035007433403893,0.028547119327536175
-0.13591294037265977,0.12666346563695008
-0.20919542156289195,-0.7233308707865709
-0.9273771605601584,0.48966661627234753
-0.38467087108777287,-0.0388637363079134
-0.3957449596214,0.5957535994748961
0.06091825143024843,-0.15576204934536442
0.6499404507101045,0.7135569526176453
-0.833201221534241,0.3868314330199043
0.5648333851528062,0.14704441580880112
-0.6920818415191887,0.38173456623104607
0.2340145367293327,0.2780763668160018
-0.013582785037057787,0.6041943603990219
0.9470717169612521,-0.30044284704795854
0.05434929429675073,0.7324231918219739
0.0018089124773579268,-0.525603386855733
-0.7782907248304227,-0.3787288685854482
0.4155618289364389,-0.8331718598815971
-0.10670761523648697,-0.09531919699505464
0.8433025973669168,-0.03354424736441719
-0.8701477593514941,-0.142348960465412
0.08491875562236562,-0.03826724155339245
0.8434836019237153,-0.5339885807359619
-0.5902450311240055,0.4184014183032725
0.2141067928856415,-0.2676103864221855
-0.6652912721874136,0.7797512489576071
-0.2466156669479176,0.38933107460091976
-0.537125108065424,0.029382751748898928
-0.5556460578172187,-0.6043916812237731
0.5229369380638418,-0.9565102425602254
-0.05048608953563849,-0.14066430333478963
0.8452051902969882,0.6085036151133767
0.007051481431142426,0.3615837682224874
-0.8315929320129694,0.8912687620101727
0.8243572922775169,-0.9532354885984311
-0.10796455709300035,0.3227491533387954
-0.4700787118440388,0.30113848427931766
-0.32773421243460654,-0.907408844240057
0.5591606156610895,-0.641628789768707
-0.39484414270514545,0.7506986832288705
0.2266808918356491,0.7511458828276845
-0.8509562545320044,0.7733028007842484
-0.323073074278589,-0.829583802879597
0.4087643834495407,-0.6251628220092289
0.9071315984613233,-0.0010376009003143505
0.4375069013583168,-0.6667417418615167
-0.3790755497844165,-0.44650881602347514
0.8078393880717907,0.14527789161256965
-0.7020847368631451,-0.10040183862580632
-0.1383708917815758,-0.5606965777635782
-0.9459797552224332,-0.003510205546750189
-0.2307089489710772,-0.7522913251188752
-0.38074735656481096,-0.11655972132942316
-0.18800010000333733,0.476388285772658
-0.925848614861815,-0.36246403385507286
-0.853796687821305,-0.29162590473903505
0.8629757968401066,-0.08766040262441277
0.7179790035469493,0.33962223423726057
-0.9587534838797704,0.009682723465801013
0.9654791578542516,0.9689067320028555
-0.28283327516771584,0.6418747992236449
-0.5190893490009016,-0.04991611088905534
-0.7890900214060406,-0.19080568180949675
0.8992018351365563,0.0638192371619688
0.5827151292801744,-0.4523945146728523
-0.06129035633806579,-0.6228014306390703
0.8701811006567546,0.6942235201882714
-0.2599756489272831,-0.4665299876462976
-0.3728924119973087,0.2731270010899476
-0.5678677116978972,0.9504955542385645
-0.8293186340394552,-0.3783028105616466
-0.7991002593415331,-0.2946848202881689
0.32076043401893606,0.9577395556714539
0.04304444002240393,-0.7564422151347878
0.35446155371244803,-0.2697778050189672
0.8594646842606266,-0.5237408842682509
0.4012096735320714,-0.19845577307826567
-0.425001404609181,0.31297638132257033
-0.43213824301266257,0.27682429035109
-0.4326109671963845,0.2289162413646526
0.7104690201685229,0.6257781223330106
-0.1535661355316955,-0.9248775213765279
-0.04130358141874324,0.635332681700393
-0.8549966405401588,0.01459602412103389
0.8508700808741887,-0.31379884718253415
0.36680976700872625,0.20354927981998006
0.25207730594555966,-0.13577741476795713
0.6815178263249368,-0.3641751756775127
-0.8953037670751625,-0.5026526395909816
-0.034012452631447365,0.4298359504563116
0.5001863409132792,-0.14827198158555044
0.2611438440677376,0.7612155726847272
0.5629227224350932,-0.07454720523702041
-0.5528291376294827,0.6306869529779848
0.20131154848430866,0.5460379709639551
-0.5645680826559016,0.7054993137021677
-0.09162376254327698,-0.6921273737684885
0.8337187468973226,0.584098251589624
-0.516542212938842,0.2783878275353433
0.2621377053074092,-0.9924702936749097
-0.20137475074575018,0.8568002801503429
-0.7198572736392395,-0.22259608833298872
0.5478454796983889,0.6868589347891165
-0.7690712487682467,-0.5609256475130182
0.2939149559938907,0.10510046055079725
0.21760165137456977,0.1500146583262736
-0.932390737922774,0.2486985871062326
0.8962449089583624,-0.42279588052113226
-0.7245417434557062,-0.3479307795383806
0.8042053042125448,-0.8463384840755623
-0.26299027793503216,0.928973010694794
0.5376239516058416,0.5730939541991993
0.2993957392588886,-0.033066918874897766
-0.7495590962768202,0.012956793448819504
0.6664699230532785,0.9533660226907343
-0.3321935815650636,0.2500473536539174
0.8317372012230866,-0.4920998066207669
0.09003351357887568,0.5690850160288408
-0.1812501885708271,-0.7870645169389987
0.7089303061398047,-0.8364432768634527
0.3095972209001514,-0.08542467998706127
-0.03344616021893421,0.5894361718358632
-0.81842918867961,-0.6913595903736276
-0.3428702650376241,-0.24378739397318072
-0.025963281486310663,0.5315520942821466
-0.9939143707066564,-0.07400634891278046
0.8720032748352886,-0.25654908128411114
0.05584925388419859,-0.7597261174727876
0.9198241148853468,-0.9790059199259984
-0.6537350214677866,0.40529009578621733
-0.13207134119471098,-0.730146004119506
0.09818629106579335,-0.6592883022415004
-0.6925726772889114,-0.6779821048081405
0.8920042255235445,0.8327425981411392
0.5618899456161828,0.9005668568465062
-0.8214251109971307,0.5315395890627266
0.18255019589580335,0.7146904149867188
0.8682131963903492,0.9941804215915349
0.8326418960142652,0.5902712458632273
0.7141220533776853,0.8982419321847648
-0.15147504594832362,0.24645279626706462
0.23982951140448172,-0.9626220510164734
-0.17028592967166478,-0.9038197322874622
0.5559105852318158,0.25911396594241465
-0.763126105144311,-0.721216139746568
0.5694714812271062,-0.883595622206466
0.1662993235806014,0.025251324052196544
0.8105799191536927,0.6783250829225307
-0.7786475670876747,-0.5880850066356214
-0.6169748057376014,0.6816039547269022
-0.28422052586883995,-0.4241436519706516
-0.6075022208752552,-0.9964815777042784
-0.6792138033284394,-0.45459049306848076
0.6134788936156541,-0.7019818347172826
0.7072016112883075,-0.018276779239658092
0.12683526250226973,-0.4392408473583269
-0.2639858226552707,0.332418778543089
-0.8066831742744416,-0.6249370893479298
0.3150168756397984,-0.8340402128692239
0.7238576720445389,-0.3603563982908624
-0.8337485786724346,0.7854274753637596
-0.6342147729718868,-0.30972694388347666
-0.5616053738056452,-0.38702655445895506
0.4447436915551126,0.9013824703688276
-0.6498172614676263,0.29130052485687563
0.7853427946347478,-0.9100728402033651
0.8654239323966604,-0.033901183163930204
-0.22075478984929542,0.3426697363402913
-0.22289969280898658,-0.20655528559787162
0.9776082924809506,0.24936391655110102
0.517515796843466,-0.6412540246938325
0.9555009420725342,0.9481504700498447
0.51339821215258,0.3988965868570322
-0.7708823759732113,-0.12419575653654347
-0.03068241517195358,0.9868814340733549
0.6023153572839641,0.6642996599389617
-0.410264677977491,0.1681498264796022
-0.5227967237146125,0.23649010958322902
0.9394528430232103,-0.0693450511046696
0.3842161442801699,0.8275246884349057
-0.10581993629237352,0.34553432380124627
0.2703078255108091,-0.6050461573566168
0.9473990116102322,0.7329841389863359
-0.07039754949046739,-0.32069592255635015
-0.9833510383501307,0.7879596221289473
0.3690450798736573,0.03822920913604988
-0.16818514384176186,0.7429097057650731
0.8722966300941859,-0.8988254663707405
-0.010048498064601175,0.8498350087715545
-0.9416796442592523,-0.7221821336420737
-0.6743688482584682,-0.2684664389467313
-0.6731885388726542,-0.7976203575033218
-0.6272457832580436,0.48197893876809816
0.7408229711488554,0.3072229447433348
0.3832160730703684,0.7883525115246071
0.6176459645662034,-0.10700848861480017
-0.38022391262481836,0.802329949904822
-0.11779654853332167,-0.7011374604675327
-0.5450714003947554,0.005800064247367009
0.5829220403177517,-0.9246807978721174
-0.8154722707769282,-0.10372763225354809
0.8782475026549017,-0.5768242805410149
-0.5956279698198619,0.9598084487775176
0.27267408396085036,-0.41358443359142827
0.2999073062454918,0.10438831871846577
-0.0856400227245937,0.37273319075457256
-0.7363399928660617,0.4942041210001853
-0.6378949038970791,-0.4755050910385221
0.8819652061942336,-0.4445510225631468
0.3876703671188635,0.2741656562882888
-0.47799179754205534,0.8167481736239921
0.10012015141355146,-0.907925313930779
-0.4978497695345563,-0.7975419584629115
-0.037926609671538936,-0.6292783047860695
0.1429630675808713,-0.5853646791424683
0.11345173771120831,-0.41134667822241733
0.8733496427043024,-0.8804410554115065
-0.1734836888028628,-0.6417317523532651
-0.9944186493577984,0.7972629864806102
0.8866875788255884,0.6857362614981068
-0.20496418483739154,0.3176191132700934
-0.7731539610245748,0.7575460214809513
0.9648719169857825,0.5740836114965544
-0.7614852189404431,0.6170236418178172
0.0028317722256721023,0.8363033605394354
0.8415280163963113,-0.7945078242872838
0.22681305518385897,0.8753524109327904
-0.3855079356373794,0.4165712640535184
0.8678079379754968,-0.6295508303724942
-0.9284499216353372,0.04844282089717855
-0.7667427933452102,0.6235830552260653
-0.48333713994257055,-0.16226206255443976
-0.6091767634271619,0.18855603509702057
-0.18517699160443524,-0.8799719363666654
-0.2479639521350936,0.6635242061140882
0.8903217067835139,-0.9142688671517261
-0.562777669215522,-0.39879822029
0.7953908689409948,0.08657188238578417
0.36757832511375366,0.258468384092166
0.7882466519939486,0.9965641171200903
0.6572019835255318,0.7371979686384185
0.01776335472981483,-0.7571906321782289
-0.9326472996590816,-0.03929284466094618
-0.8672903116622104,0.7952365835763517
0.037158759876801506,-0.11470279434661146
0.41668275352219264,-0.859266310521478
0.11944846988968316,0.36394365323459743
-0.1044217846139548,-0.9340486920421023
-0.4726693776866866,0.15926441792550916
-0.7273621024861217,0.9343859030845385
0.9366063997645482,0.7454760200420383
0.5168197199467972,0.06717957543533615
-0.30895481205297726,0.7441254356124805
-0.5365623251097089,-0.1766009486209812
-0.8779878034088457,0.10596366304606608
0.8817223227005251,0.024387744189301896
-0.17911332102081912,0.48140424270971494
0.12215670828325886,0.4781100452820981
0.39216520054235504,-0.38541084923973057
-0.3228563920813272,0.5332373185575903
-0.5329054413172383,-0.9488377797587919
0.7717656355199141,-0.17094858098998822
0.5721350429563881,-0.03257210318518977
0.44710039889766295,0.7060712996208187
0.8235058692092863,-0.49134806454186575
-0.4932417135077969,-0.8963648802154751
-0.6414819944552903,-0.3331613789492538
0.1680116127493434,0.19449899250240432
-0.08364584076768833,0.43339702488425
0.2920885640655442,-0.5071583374728856
0.04540640506072391,0.7296867205306627
-0.33609277029090245,-0.27910776803039017
-0.9587625203420784,0.4485121404858794
0.9497293079539295,0.33072637805356875
-0.0913167977370295,0.8322128694397901
-0.3180848023217817,0.25160483308241677
-0.606432543754029,0.3680739256602801
-0.09683412502580291,-0.8304445257881155
0.44395407125923714,-0.6006397230117144
0.9483397392954513,0.4447286904129715
-0.6621872928660308,0.7303566177911376
0.2501365804963236,-0.36661527373610925
-0.8465701119756219,-0.3536283443098416
-0.9743577286932994,0.5051979302510134
0.2608483905899346,0.9747446000706479
0.23393289841523246,-0.5671070949941259
-0.92292817052518,-0.9195301195275185
-0.7093613431524604,-0.91994535637384
0.45472495727100926,-0.9798663633082065
-0.316428301428582,-0.5757173751818185
0.7633116395611912,-0.529566236480606
-0.14577518002861112,0.32668815590541866
-0.025831854366092255,0.5026343807089717
0.4931518974052431,-0.9049390265411841
-0.12534043331356703,-0.20811810287557875
0.7429425505905298,0.7868602134073919
-0.08587695854575372,-0.5696100368236157
-0.2892916776871499,0.35951268029680783
0.12351257361431744,0.1560771070427025
0.16269945141261077,0.1993291007739888
0.05265455302521538,0.513320224682231
0.3068752101920227,0.04667811029457014
-0.26652463112078784,-0.7699361125286326
-0.8350459049194041,0.8838846374074345
-0.6954832495363925,-0.07439460373409301
-0.8063283808946959,-0.03635138308239738
0.12150616050743923,0.15595128564384453
0.5356797917558433,0.8296070220099077
-0.06929614717265742,-0.24127852208812972
0.5637214268684436,-0.08300829480647143
-0.003799231154159033,0.47715377107911805
0.2274192423463266,0.12016166724869337
0.949294879338823,-0.07716022111933185
-0.8797794617818135,-0.4248811489767885
0.5675262989533147,0.07940266177984356
0.15474212161401213,0.8289426806597955
0.6929050315403271,-0.24559672959786183
0.2679634528268373,-0.445592182981674
0.06331802425210031,-0.34565922346921174
-0.326581165061113,-0.9831225234603971
0.9580557779722905,0.08769231929940702
0.8357422479512857,0.6118926238925186
0.24785111402825044,0.6935120958299654
-0.43637731331125607,-0.03429475055663622
-0.30822339610744987,-0.9518080386696222
0.40042963624560746,0.32733336040723815
0.13780015612349206,0.5205597711561798
0.8374724075711946,0.279541123487802
-0.3392494980644656,-0.6744264042602812
-0.21694044514372202,-0.8425216796528829
0.6108990461810704,0.3694448164483224
-0.808771603495892,0.9875393190242423
-0.9516839976833005,-0.8158964570698983
-0.21278297916507816,0.24533099225269117
0.10261325601461824,-0.9835028325287676
0.4224547286890723,0.2804672849900325
0.42463825061486893,-0.03170971123673705
-0.24994975294836408,-0.13276532649259698
0.08613763360793736,0.9741131565770063
0.6324592870462784,-0.985996353233697
-0.9646387090121553,-0.6384156375830845
-0.023782784420195657,-0.0994135254525439
-0.4689684165980419,0.7539100305541284
-0.465675081938391,0.611571932751017
-0.1459454156054094,0.15594170273260155
0.6250794196133864,0.19499427455300444
0.03580467506863538,-0.7928482770139293
-0.3131561351037937,-0.5004767576002636
-0.6562343932450283,0.7900642662654265
0.12145492618410647,-0.7703117993258477
-0.17023509804292192,0.45025729857328356
0.9746678870709824,0.7074800126581546
0.3729918099400866,0.4141296111392694
0.6602439624778489,-0.060000448599680345
-0.6605580927452299,0.38320486522991315
0.15498687091930474,-0.2333468038273736
-0.7686162243769814,-0.2611775798431317
0.8752386266747216,0.09571976430656326
-0.4851016025730175,0.30864372741483037
-0.20895179399012243,0.538945917173586
0.1904922935400808,-0.5735199004002698
0.24242985160628772,-0.8858485899877391
0.6112411818087216,-0.3404732430555544
-0.6071705215866938,-0.8903444839132717
-0.4451280756507279,0.28216540226609754
0.28812401191596915,-0.30933548705967695
-0.37935468876794487,0.34307612727592374
0.08517691992713838,0.37658658683084667
-0.35114626606745736,0.002477987664508019
0.1721815430569018,-0.8704299832004394
-0.9497968133031651,-0.2911058658114687
0.6237222088363574,0.4683882142582283
-0.31570097082831516,-0.2600819979783695
0.7166899479120881,-0.24187694537154836
0.2409115894270164,-0.3509675872354936
-0.9211097747631118,0.6249266000861835
0.9546474823990225,0.24061387414397184
-0.5496156806696602,0.3064687502937613
0.9231086076287212,-0.1621686816993375
-0.9916901054369018,0.6725070149325143
0.30057137024458935,-0.18677343957404724
-0.26087312480564395,0.6363428685555497
-0.796326424794982,-0.3806573530583286
-0.5620588753217934,0.7267563095069747
0.2925489713542595,0.8868435824333609
-0.4272410825635147,0.7013397872722895
0.6803019232377616,-0.4498523426186727
0.4722297466511647,0.2559794606355392
-0.9243307191658021,0.415674390000099
0.07863747157773826,-0.8784393994040618
-0.12183210442131154,0.10538313728906501
0.8536035390847239,0.1378021153264235
-0.678019227028295,-0.11163983025017887
0.3321684833859999,-0.744546963030851
-0.29571259811085615,-0.44421203245364604
0.2916214100310339,-0.15808833021847946
0.2356965041982777,-0.8002896676650484
-0.4653497849630033,-0.8483430306500588
-0.8851063236514247,-0.4764172657648573
-0.11791146676257913,0.37170954691677704
-0.9434317270562016,-0.8573216934336425
0.1287382256356484,0.2636668289469848
-0.30886205913464293,-0.7750051436358585
0.43644976607842545,0.09768728380097258
-0.9932579461581321,-0.22161081334944344
-0.07815473444302512,0.3101239995362439
0.318427904922858,-0.09275844424230506
-0.9582263756238831,-0.8846615481735027
-0.8735923535473884,0.44203136896941086
-0.2122121580067824,0.16355174043851095
-0.33528371400684565,-0.5122161923547113
0.671640169644877,0.2604194531552677
-0.056445586763731015,-0.35757478364249073
0.016992800067507474,-0.8496552831492197
0.6530524359710421,-0.09633748940832532
0.16824408558487525,-0.5856288582524325
-0.5768535805270762,-0.38691915839129587
0.8855756619995785,-0.35517364383675654
-0.37629141299150604,0.17873104248578042
0.416026373866234,0.2327146254413397
0.14102847733265578,0.77255764583565
-0.48639621443820635,0.340185527809568
-0.6188057656641097,0.7165950090947146
-0.9728530555940968,0.9292326162444284
-0.8721233696911106,-0.14806177504554174
-0.41714375177624263,0.07910610800895257
-0.17852933881150768,0.8270732773952241
0.35911044239447865,-0.7512503593961843
0.32850471432967154,-0.05277103300607355
0.9843936225319103,0.6269010014534244
0.33467776741881505,-0.006008646491341585
0.18485769158310883,0.26132353479679504
0.12184021883526741,-0.7455002402136417
0.9662496534305063,-0.7300359826139025
0.6786866821283248,-0.10787935389116643
0.8356358262446286,0.11066038981871396
0.8468811884449357,-0.25442431691759815
0.8515577199483075,0.6223511274203755
-0.48121028904848506,0.6610756437043255
-0.8630410302215858,-0.650434316163385
-0.2200526562022107,-0.45790702946352946
0.8974238684399782,-0.4766955421576655
0.3288404575758481,-0.5560184517132141
-0.04202757193502338,-0.004756069503821125
-0.49146231626875725,-0.7542685251447598
0.3648600895680554,-0.5914689347130879
0.8491567877177124,-0.30127499530557755
0.6945324194525602,0.9372597152617497
0.14710674900415444,0.9824366517126855
0.37008913447616076,-0.9619509710337331
0.7964989237949129,0.28960033407178076
0.5063144733945315,0.8309722543617513
0.34007265909435214,-0.5815569575955857
-0.41246583018970173,0.9634135192885516
-0.9785647061876377,-0.13283640214940973
0.6282624153117033,0.10925588658327734
0.49736881915558606,0.5059123751528842
-0.6251946431995523,-0.38286481766963565
-0.19159150279269932,0.5441074221734494
0.5766906971693448,0.24531939244738576
0.20785239376243858,0.21599813092581388
-0.6100038674813435,-0.5928965447023644
0.513813906862576,-0.6250312547276606
-0.42964733810472144,0.8994365361077168
0.27588134022010613,0.017149350952663678
-0.7283985277590659,-0.30117274325365107
-0.7625962978320053,0.6474819259854245
0.9867870391928164,0.0824000837540364
0.32637311296874283,0.3564664407723319
0.4513708067210258,0.06830544318043019
-0.27767163940005046,0.4933900464763801
0.1742552459737774,0.9685119173807413
-0.5763426466000772,-0.09807898215995614
0.6704078882045277,-0.29166006226579566
-0.8208715823995023,-0.17347334637538747
0.4395820422850756,-0.5090781297690437
-0.35056508334430814,0.8032527214393508
0.2688302044856161,-0.6288966287862123
-0.7710109860355827,0.11598048902854785
0.5322120712506386,-0.6478722611365102
-0.914844167150173,0.7293548978167654
-0.18069924362450407,0.7297743647222315
0.6615695189747712,-0.9978442051829395
-0.5552054492199141,-0.4175510955618227
-0.8558711625961657,0.9399626008255955
-0.8252559024697383,0.542052726276465
-0.7972792068010104,-0.7364595379108407
0.8506089286879848,0.2792858840564352
-0.3013252449870747,0.14945426965353636
0.5005594371061171,-0.5016333077369519
-0.012597009866389675,-0.858005018293972
-0.0018561267167551687,0.6599788557001576
-0.05236376217595495,0.44058074743799946
0.3616435833581586,0.13758551432090504
0.9331155814411796,0.5343739725172199
0.38314191933414876,0.06107707527442874
-0.5304433957228087,-0.014067161569031539
0.4345358282960887,0.7130489711550887
-0.2908471523058449,0.05829382789039306
0.018422692811544072,-0.9831680240225551
0.40684029409326206,-0.16503847054664456
0.9149970895770696,0.39172732938716104
-0.5030028398807505,0.4998576446787708
-0.3782034574226272,0.049726479450722394
0.22620656827257601,0.5243615219576854
-0.8086632640475693,-0.33067706938511243
-0.7628379117370014,0.6511511990131362
-0.45761788663132186,0.30585275759002806
-0.9992493763838006,0.7696323941541732
0.8537984736752826,0.38412739072283086
0.5577986872521126,0.045321833407121925
0.7456391070989703,0.6679514364061012
-0.3410771583366088,0.9956281736294772
0.6103184072613681,0.21244575252931108
0.08037650783107853,-0.4029473662453904
-0.3225703076787081,0.4789241082865725
0.14573999883058986,0.9639094760004192
-0.82103199198413,-0.9715993907641565
0.29775266794940913,-0.34375524091419707
-0.672579222549661,-0.49136793045765126
0.9415400070114435,-0.7452907268459856
0.7273935688989046,-0.9890712234391024
0.7199408718077125,-0.5172795632287617
-0.6878605398014339,-0.70320603084627
-0.11640639090804439,0.861325805866173
-0.07043415228210326,0.8807824730416447
-0.5171066871963717,0.6497586664764323
0.29799421155034067,0.5047940786054694
0.7358844347274729,-0.3452454164810723
0.21015128350447076,-0.8496515642482729
0.11560756980422315,-0.6157235117168642
0.5845747474790055,-0.590785401117053
0.4523709749460372,0.9763721661446807
-0.7531820632789097,-0.23090368002889616
0.6608715076916918,-0.6485313519585625
-0.8314577324375954,-0.8300960023592734
0.5790423130585072,0.11648416325564459
0.3007887749514575,0.047469944166461886
0.84495788927761,0.8917171295607003
0.10842341603308059,0.005394032656445447
0.7400802018644901,0.936550129785811
0.4459540987142374,-0.7579668390480834
-0.5084176795198061,-0.7824157937325709
-0.48938022147084403,0.908477529087113
0.6534403230122903,-0.607102400111474
-0.73314363019595,0.6846831852315962
0.8754356547145221,0.5787007948624496
0.9569457783437805,0.03476041600695723
-0.3788352328410487,-0.7802621057864805
0.095859281502779,0.8387438903507307
-0.7893951788831162,-0.09763717516766635
-0.30599251420626383,-0.6030005212037142
0.9397386154920808,-0.4707037456691452
0.35981434796630074,-0.8352487372930912
0.9691933366636643,-0.08235177408868166
0.4047345637551514,-0.0019613078894333835
-0.8241971152230454,0.5868685673966174
0.1065366584145857,-0.8212559230089116
-0.7745453229556196,0.2708665469940823
-0.11762161547244498,0.03515700560951229
0.7525364631708471,0.518617577454513
0.28140284991285935,-0.41412844962365214
0.720750913738696,-0.3598451036196133
0.4272879301266157,-0.691360491597786
0.7920193734738907,0.20992071235774623
0.8243837043309974,0.8721312911437051
0.844648912988516,0.3570307118346696
0.2867769731027936,-0.5326151705130484
-0.34110975562184653,0.1520821395832852
-0.8421762770857371,-0.7629507148381687
0.22746693624866232,-0.45728377246666785
-0.041605507287046484,0.22436110247307672
-0.8493901355517619,-0.5047782985364744
0.13528039697694516,0.2501149823902431
-0.8604164645241164,-0.7329548089137106
-0.3230893834518833,0.1747232475554641
0.7796440719241224,0.06515300038075433
-0.9782646357607612,-0.8862164304504891
0.39282222358962726,0.7377652820952134
-0.09466866115458039,-0.650596473500098
-0.9071223386355494,0.6020633589552284
-0.42450972637295226,0.9158585358315494
-0.06077670807631197,0.028048528870897593
-0.849746424569443,-0.8630114442564074
-0.5264272162615908,0.9788078810687886
-0.19794028803217434,0.7540658876366284
0.8625162102986752,-0.6499774957800832
-0.07812594016147689,-0.29330501331113257
0.3711831484553725,0.6566303536559841
0.45037370247775566,0.11563414739029354
0.9576043540634456,0.3821340455800506
0.1589634766461523,-0.43474413889744046
0.40433766785321956,0.13612343862204335
-0.17839797583475203,0.3946910602931599
0.5933753894273133,0.658158801955284
-0.06088041011598988,0.3805312961117737
-0.7176946556271704,0.6612406116976095
0.9609137114122497,0.9302903244929046
0.0541489571230549,0.5256687552612043
-0.20538960996788735,0.704654597737659
-0.009745719019561339,-0.06582762790462438
-0.19751719433338932,-0.5521189880327244
0.05507470260046299,0.6817702287700669
-0.5458785503993038,0.7295275319637353
0.18361662996651917,0.09889895626112488
-0.6619455215337808,-0.7129686584214427
-0.373206947250319,0.7939247537837675
0.3307182872830956,0.707476344018696
-0.7631267899509391,0.7512327799388854
-0.6206173873706864,0.2982204997684277
0.06467111680182236,0.21366579896230853
-0.42366241204475097,0.1698818823412076
-0.10793088482840751,0.23316235010438424
-0.015147739522893167,0.791509708417651
0.1379262455165584,0.2910230032791039
0.02311901728204191,-0.42340471620382103
-0.04762683424469172,0.9693102898412262
-0.8794008760944239,0.41990601182212517
0.2539498796239148,0.29746752797831744
0.8318904202225621,0.5289527703251171
-0.03400573076849467,-0.8966814560826746
-0.3735614337982798,0.3802309210828816
-0.22685591248048498,-0.5348102636280998
0.16811884254905562,-0.8207987926848641
-0.654233636578043,-0.8080276200441039
-0.9430832674451874,-0.18569358071392128
0.16958319966308721,0.15052304036894681
-0.27436017805505286,-0.030852398659795277
-0.13028527352863462,-0.78512346391941
0.46779618484982266,-0.20672925110735085
-0.76718677719846,-0.3706747731168405
-0.581522478092833,-0.6691553803071184
0.00791668290519043,-0.34250461675116983
0.7182887021993418,0.7678367976380307
0.006101426565261248,0.5321306708773665
-0.9389317704760478,-0.5178753611921407
0.020968312325260863,0.9253699316122836
-0.6406524813092649,-0.1326949575743619
0.6564486514484928,0.42688526973152796
0.3571996562429147,0.9497950745478245
0.2753702946245937,-0.15267592934083263
-0.3216681862823747,0.9301442996481832
-0.028323284178722208,-0.442922926440505
-0.9820215416075839,0.9533071587262552
-0.27885480141159547,0.525472559552943
-0.029644497144983406,0.6489519582984418
-0.32009627569643206,0.24307484849231487
-0.6708612407022536,-0.7182887722379678
-0.023001322789518275,-0.7101565892581638
-0.39336657223077376,0.7126068101931164
-0.7132807173800364,-0.045512795173364484
-0.011996074157623271,-0.20328995290943208
0.9683371001093237,0.015426810724706197
0.9701369186161233,0.3284267646190071
-0.3746273254145873,0.5613546909687774
0.5304139193797845,0.19462393758090135
0.5634541608790173,0.5594633253558277
0.8288713356805237,0.00714386137056322
-0.18471394895617865,0.77198717214864
0.1679314126192777,-0.8399210257362828
-0.8468009953395803,-0.42321579587363156
-0.7829116465282109,-0.006490787785266461
0.8242054330901658,-0.7347401365905122
-0.6443615589516503,0.5442316510907155
0.6194380412385938,-0.5289846165842909
0.3947454599180207,-0.7746597301489702
-0.6706981374798793,0.5251790692490865
0.9108363483813195,0.7003420419895077
-0.3623764299026593,-0.26054117728574466
0.9555245249030657,-0.7961768412891548
0.07253512930876238,-0.1144685684480995
0.002961733369943653,-0.3904918186177895
-0.2412189301876031,-0.5305375093111742
0.6537229687711759,-0.34211787606276145
-0.5944069203853855,0.7924286471586623
0.8350305763204662,0.9293740073562997
-0.7837720347102424,0.244092799005043
0.020329101921467974,-0.6145710031980012
-0.7802819450579099,-0.20744001850193494
0.33692314834466686,0.5986233373361549
-0.09766342540312256,-0.7850793035303241
-0.6614049977957466,0.15430522463951735
0.955733957696909,-0.7450344321929918
-0.3091775669676635,0.13007286019378905
-0.5393468600776223,0.5997347892736888
0.04941827772397245,0.045728394978807874
-0.11041398469180841,0.33414229682350927
-0.990881708956288,-0.7748243241259618
0.9386860765456895,0.3629937578813951
0.15684660330143818,-0.8769436169015117
0.38870523313452754,-0.8177042515852926
0.9850898141872333,0.8427490370249584
0.9466756572766446,-0.6631695620313367
-0.2959836367010351,0.8086815444243796
-0.6654886482364255,-0.08145019388870134
-0.1633214683851658,0.35473792801683546
-0.23234270232903653,0.5404201488799625
0.8898386483111591,0.8518667249888712
-0.5936347292576281,0.36292670565625174
0.36366510841522137,0.9218271672650742
-0.6358680739196414,0.9555258307222905
-0.10325551023209534,0.27033695678434544
0.42228447122585444,-0.9570896046644761
0.4385618863129692,-0.27828503535860194
-0.273345364732279,0.5160324096529989
-1.974051465121196E-4,-0.8515622381363834
-0.5682662444135784,0.48040499062315
0.7515332362016329,0.16285991953405166
0.5096552337565616,-0.4307169730146394
0.027521242270973856,0.674673827711552
0.7558034804663818,0.26690181185602957
0.12965748782901731,-0.28348583217598433
-0.6001975550118623,0.5670292089421916
0.7446475565522934,-0.6985600536836885
-0.3299119665502015,-0.06533370426753216
-0.7491583535964121,-0.5001449045283972
-0.8377752086898509,0.24380837264059108
0.22727610456522074,-0.590243287134335
-0.0744229870423807,0.13175837365792575
0.07270193128325686,0.24302837168392855
-0.19009962719356555,-0.9594401340304002
-0.19942016179739985,-0.6381762145323393
-0.19712836197479833,-0.8913018707273299
0.7967232091606862,-0.22708556376443778
0.8415278180323278,-0.9687066905271255
0.609475341806166,0.3242028590943984
-0.10496113753272529,0.024589598027889403
0.6880082558426079,-0.35356879118598816
0.9931916448452298,0.11062110845042694
-0.607464725800138,-0.2555567405436967
0.3144155561766744,-0.9194851063260099
-0.42906851634077103,-0.9338145321132636
-0.550866391959522,0.6999674281765722
0.5294604556233249,-0.13603797311640387
-0.48132442921139296,0.9880115692311218
-0.678992512544061,0.7112851454206959
0.9569434358948421,-0.26973317334852154
-0.06757624071646084,0.14999191746299645
-0.5485280816536806,0.7804453824044908
-0.8267115349419045,-0.3838744041012625
-0.20751945277110662,-0.8410357433618258
0.8515989581699035,-0.9705913002319664
0.19296644806626007,-0.524909029316847
-0.8323974808099988,0.7299617134348064
0.019840106387085,0.7791298251175065
0.16518631432168762,0.8072513681461007
-0.18443987099287718,-0.40626690217683303
0.5509447658727962,-0.7099212084804982
-0.008324738933462195,-0.4215004400230953
0.22424780787337695,0.1527469340226839
-0.3598642872067601,-0.9503988889357526
0.4573348507066284,0.6413745803432511
-0.4648114223333413,0.4062563916293074
-0.1773352979622791,-0.9643475225872458
-0.41187433932069273,0.40844857042622573
0.6854524255327934,0.6351647656763737
0.7691046233987138,-0.7946380413718181
0.36252922376488717,-0.5042724046852947
0.8247178094614804,-0.9684089380365108
0.8943634567243088,0.2400248457939469
-0.003063364678320468,0.5682533108645382
-0.21471624340788087,0.12814863277580435
-0.6114888014141748,0.10871464806201869
-0.9623498754053257,0.4974805261166175
0.6218598066887782,-0.12628385240800966
-0.6610807788858324,0.6676782058335702
-0.9970654223373492,-0.9117330317205972
0.35625621659779894,0.4553590567123056
-0.4714967781998085,0.762747278057776
0.7515458458737974,-0.44559807633731685
-0.235259759744878,0.5132440845623774
0.7503609973262706,-0.7883853394899292
-0.12302656831764947,-0.7887812086480239
-0.11835174257761505,-0.13615488122272912
-0.09511466937834934,0.7701855760805849
0.8505940093239102,-0.2985604614020727
-0.24557819390257007,-0.04284321283438164
-0.5846621013651931,-0.5157182242597689
0.31711346299555787,0.7591895320984745
-0.3910971212510481,0.3604740027872313
0.6294686094999569,-0.45955351648234877
-0.3190852214655566,-0.07595148806707641
0.049549202412860316,0.9927610955134396
0.7293873100606949,-0.7030726440741157
0.054795653322100346,0.7127767766588924
-0.8489486310025973,0.6316757859357287
-0.5453826622991604,0.13130622038328044
-0.24058896915842287,0.10542266781161214
-0.43677915526641464,-0.5243633794441
0.702911083725462,0.2116493509855799
0.19260019599282074,0.4630835957165138
0.16130497523564769,0.9553775887282141
-0.7974338584689158,0.5041755114013295
0.20651399094406142,0.41861345850871157
-0.2158548471007582,0.3364270395985447
-0.8150266669950597,-0.9132662028869234
0.6546324270181272,-0.7852593021265359
0.5116616736742008,-0.6871705002530162
0.9070345595203144,0.052050734781936336
0.8617158569928487,-0.6541524934990965
-0.6164069023475487,-0.76609598646091
0.40373467879612157,0.4597019630050583
0.13253105999422377,0.2232501611567601
-0.060421809893544065,-0.10564626743990968
0.7591191471649246,0.5267898941399587
0.5986740664222725,-0.44381614028282024
-0.703389315321058,0.11181114093274358
-0.9194570063406837,0.7238167006632117
-0.40045190873006686,-0.05748185329073374
-0.6525395141037238,0.36687503168044233
-0.7986040970999393,-0.05256096761466855
0.13987469616908044,-0.8910213373256299
-0.9195903790205049,0.4345733163804466
0.7204023346388824,0.3526251201242647
-0.15789833888735494,-0.26147872224107704
0.8479297056783082,0.6324202037494546
-0.5463801332950089,-0.286086959357019
-0.8584536185458598,0.8744537297944439
-0.14519381192183567,-0.41796485253569626
0.7147452772218932,0.9134437564890949
-0.4773427643354142,-0.40737125807520047
0.24352281284812838,-0.6443989858658519
0.38036011444514584,0.980413871262376
0.47771889341059937,-0.3260062838352613
0.31903234553015336,-0.22403003952879352
0.6131372644096069,-0.7154799624515207
-0.9602548928106831,-0.8268170759346045
-0.08730878435631295,-0.7255752001481612
0.925364197267923,0.3605459019173294
-0.5019773846312015,0.4416243643523905
0.2161957302146562,0.9911795527396963
-0.6712554317717434,0.35193173026618774
0.8903754230310403,-0.20348406634230876
0.044662586843020824,0.23260293074316096
0.33939622330943764,-0.7588324351391533
0.5670301768310573,-0.30554753171732485
0.1811187371570968,-0.4284179171307294
0.13810035401904996,-0.48888502115504084
-0.6329349088051743,-0.8713394894912958
-0.1760643383956042,-0.017142267794201693
0.11774779865785723,-0.6254043869816484
-0.5863564279689919,0.773676945253928
0.15923980580771024,0.7267649353266052
-0.8810935018497896,-0.46576113614157477
-0.7638559678910524,0.9965904783877906
-0.4891202738617708,-0.8904452463164279
-0.0594257397643978,-0.001143059759717291
-0.2727673066557952,0.6791072116918209
0.523712689832541,-0.27294410263222724
-0.859687166567132,0.7884730912144975
0.5459614115557274,-0.617095782200928
-0.6018858939379561,-0.09468328154560002
0.9736602536237671,0.5032608291455283
0.032935272571253726,0.8689548048238984
0.6447936466880118,-0.5547541084358394
-0.3216833715950165,-0.5984769226626847
0.90306578836163,0.5704426988452047
0.34304637970636365,-0.2898974807605146
-0.3608268553986771,-0.3883569413366581
0.16173151007752873,0.13299109943086385
0.9800588076911567,0.9106726640150482
0.574630678144586,0.7696352700665394
-0.568614679674375,0.4834124662451602
0.9851505332528039,-0.9174364478983144
-0.5945840786091459,-0.8017895023300097
-0.3983916217180563,0.5709924767502037
0.7559471323710933,0.7464551937717792
-0.6094303068927347,-0.21039648654390608
0.19388919714122377,-0.4608390513468863
0.8522698977558636,0.22231770659499306
-0.728456795103609,0.180993919272876
0.6743335102151531,-0.18027734686667607
5.781039770631491E-4,0.7532444310066817
-0.7717918142429272,0.37013489713033887
-0.8918378726275529,0.7798304179824775
0.34343252567617877,-0.7018914276211974
-0.5623417169363107,-0.5445054561338691
-0.17193983069597119,-0.029470377845401297
0.0647453913456133,0.4829358731032358
0.7992671333469754,-0.8607370867133455
-0.6732209720190308,0.6956946328177835
0.04637019645363827,-0.23935263160822617
-0.8473382706221055,0.5361872415443116
0.3691891526603903,0.10596317644644615
0.8324421986146553,-0.5866334054117459
-0.882111700732052,-0.18667795115670338
-0.31968102695857836,-0.017938922814375147
-0.9938653906724688,0.33026095526118837
0.9216752406004527,0.4661232270354745
-0.3223844594370471,-0.9423532653297104
-0.42577399867023535,-0.709901900781871
-0.5233403808550305,-0.5706718000317479
-0.9046894871203255,-0.5108019137314683
0.4069087159162439,-0.8517008388635958
-0.8681823138751978,-0.365049153113981
-0.6423078283502464,-0.15103463298037667
-0.16381638978692692,-0.6560361600581417
-0.6640428034997201,-0.4335649823732335
0.9013548249364545,0.8298267694073762
-0.3376876802077513,0.5675825453125203
-0.28043683366623373,-0.5867467575362557
-0.12705547305528508,-0.6650393913023416
0.8842117738389013,-0.5768609523043216
0.4148730508288103,0.7934671020024064
0.6311244818591395,-0.4987064725503878
0.13020677403302083,-0.769001790903155
0.7548643221635589,0.9661785546411203
-0.004225521285238898,-0.21185012183742136
-0.962220254235296,0.5960680600379626
0.617700821582124,0.8783562212498222
-0.7061097016449833,0.9596181329870834
-0.4237959644689684,-0.5513176107623994
-0.24332287996601165,-0.7480827784088333
-0.12590567581176582,-0.39718309319107314
-0.2707046259555985,-0.5133370597125912
0.46315481048661056,0.7816378205139771
-0.8323187374276539,0.850190804777087
0.10579061949570945,0.43305351763852507
0.18147636203127715,-0.9593417067004462
0.6750346097220432,-0.09835186155510844
-0.685352099274535,-0.5042351100684952
-0.5957995840197337,-0.8700097316145283
0.9071349967691875,-0.4450314622181355
-0.4318212949800164,-0.31271035388359625
0.840804628159108,0.8072353465868813
-0.38842678682332643,0.6274171399208299
0.5374542695285311,-0.8570614302348567
-0.16542188550885784,-0.27287014496510364
-0.7964491198324202,0.3586007373523361
-0.5942992965240925,-0.2333282511920105
0.005849844895882139,-0.4442491064831895
0.6911361598242198,-0.31125183456406247
-0.8860107547337135,-0.9697531872661411
0.673804918706816,-0.29179852092277336
-0.6393904602457232,-0.13400912955203692
0.5807660819413218,-0.2564579200950625
0.6465007254091764,-0.9729546110192087
0.7459231769121741,-0.09718223126486203
-0.8422674579626108,0.38473234382705224
0.20564184869983282,0.18013276871311468
0.9636764752154583,0.8213798720534056
-0.4418972435530517,0.00545531515531783
0.6292815441172173,-0.6800437511529995
-0.7870853466398131,0.8391812199208271
0.10191840902896643,-0.22108976530122137
-0.6842823044646378,0.6142487325286399
-0.6774397719225806,-0.8158851749568468
0.3532080272220559,-0.4975716692842129
-0.2369786000903331,-0.2751105435899559
0.7272199738623266,0.21773902318816263
-0.5945718100528465,0.4586537276845011
-0.5677965457992198,0.8687710224044065
0.5570492358632537,-0.7911555432263577
0.3786381150857572,0.23302253009747065
0.3330660232696281,0.5233048488506626
-0.124370425340661,0.2501869755645685
-0.358182838283541,0.7254338747063567
0.31913476649076755,0.5176545088000499
0.07150346864407853,0.35796174248571466
-0.7720328208079315,0.6203204701094207
-0.7957066045385555,-0.3507054233026541
-0.5720629751708397,0.23812056726380004
-0.42677764876242463,0.024951075088964103
-0.5948178889000499,0.14854212048558812
0.7292317769246432,0.1416906919695946
0.6329508410477822,-0.5223125884362967
-0.2998525635771967,0.4395118026186562
-0.9782003061360134,-0.1477057394015011
0.5003489955658627,-0.21322376188787473
0.5513727216062061,-0.5335535710411847
0.28933741727653084,-0.5637053838997981
0.6126318337810135,-0.4994646501664921
0.27935746747825485,-0.7847150884200198
0.6226109978604595,-0.1836381407690162
-0.4433114468526975,0.6396950403461334
0.06947039916730224,0.4010954974922172
-0.3918322296690413,-0.5265411632297883
-0.6961709681529267,-0.3558633164898921
0.5339637541723603,0.14583137227370457
0.11305854783494218,0.20475535942559175
0.6795723470749513,0.39502953514650385
-0.6015769677244753,-0.035292122854785335
-0.26554121841386236,0.5239810071401125
0.12065326151965361,-0.6411385868458979
-0.7782769986540763,-0.26593749421068646
-0.9122528380122701,-0.7618153822178346
-0.2573804939102555,0.14528721834977532
-0.8705091665291786,-0.6567102390516393
-0.6582850168305159,-0.6835209188244944
-0.2636020896619111,0.4530409610968127
-0.07707913405633393,0.3465489109735138
-0.6635315960303694,-0.6784289947755096
0.7735901133966996,0.9680673816980443
0.04137063527015217,0.6283762028153952
-0.056677981603944216,-0.563094242639218
-0.0856462182755855,0.33998907588458804
-0.5239289846816222,-0.5232049954504059
0.595400859491021,0.11805469279073222
-0.6913916589899944,-0.9447684222884976
-0.5351640246431628,0.7074656449856886
-0.9746602487477085,0.34723591123052233
-0.5651977728582462,-0.40046139711193907
0.598934165554569,0.8860481206689086
-0.07127068632204248,0.6890436491175274
0.7481724706157484,0.6049241642063177
-0.35788541546660224,-0.8697748686729752
0.6088779590053626,0.24177179387556702
-0.7263571511891016,-0.854218191807758
-0.9592566178211319,-0.5915530379262404
0.5738736294109221,0.15410127270461915
0.08232286574404091,-0.4808940981146659
0.7794288298299963,-0.7461273969561326
0.8184097613191024,-0.27291065936121583
0.7838153389949327,-0.15847157389285238
-0.7615253019684951,-0.962608954318454
-0.7582786401721278,0.9357966287208928
0.5417913198735171,0.8418430935735128
-0.788172410161079,-0.3550305808069645
0.7843304527569115,-0.7332740717301856
0.9138785919466239,0.13632553254998614
0.764455813322148,-0.07240740702022408
-0.29103890803283927,0.4534703845673187
0.6089091286129544,0.9536710566829534
0.5076409928948931,-0.42381418689577144
0.6475233933350792,-0.5257101897931447
0.468812601673968,-0.7712899187691766
0.8545581750192313,0.15234813620936993
-0.9271825947395615,0.1161967173340881
-0.613497093380091,-0.19506897646431742
0.43559255035060085,0.5054289037097546
0.560647302240677,-0.33125257633496874
-0.9236875942845559,0.36469387124453667
-0.004328260868586398,0.4481477961992788
-0.7408101101922582,0.6390506037823847
-0.4250373885061458,0.9260554629913091
-0.4991932052676773,0.6610517770684194
-0.604687876541989,0.6232248156598041
-0.13245357442971306,-0.816691345515822
-0.07188661456431467,0.7588161107487446
0.2834038655410589,0.0681172444531517
-0.7528833441637461,-0.4046430161030956
-0.7733467849050317,0.2806898789766836
-0.6337358150969663,0.14373660423678047
-0.08544604150189894,-0.4936332454996013
0.48307503163710996,0.15895812611030635
-0.6415185038973683,-0.5514915786490489
0.2375044283849468,0.3749522503617597
0.5175701423129424,0.6625995708560781
0.9731546712694648,-0.9931660092865882
-0.8128391737161778,-0.35657843563629
-0.5728315869796494,0.6915609962449172
-0.7709531720521718,0.805979879812402
0.27708806490846105,0.2430321613405806
0.28371673565672473,0.9872008735084146
-0.46258215070511666,-0.13475852540617872
-0.7995056794505002,0.14423969911349022
-0.07442119236046141,0.7971812110181478
0.07968028971405339,-0.9634296040631776
0.0063996447122356415,0.7557663957766074
0.04150196459459976,0.8528557331181441
0.17623928753624152,0.9981311380765778
0.619882415980898,0.9799248720925591
-0.6377086188572791,-0.6577761485576676
0.024741501799659726,-0.5899879518782347
0.6895720131638097,0.06470897857572488
-0.5752546227810373,-0.35625955146844124
0.3075471168163093,0.23775919138833768
0.8731246231806398,0.37016173058984525
-0.9296922036536293,0.7714002192102898
-0.4676166054669857,-0.3085098505637387
-0.17134441486617935,-0.8043499763832109
0.44942542584210865,0.20899941700617197
-0.2805875362346393,0.04677006938021622
0.29082592120206674,0.8978765803972912
-0.9732761466028139,-0.38547334344542894
-0.8313182292178014,0.37265748555915
-0.057924582464884855,0.7624363935848504
0.9706749297411881,-0.11880517767592447
-0.1358013820593984,0.5505503396636113
0.4536873996828277,-0.8360614118690761
0.7569917630267473,0.47040661938974804
-0.23149024228006243,0.17663749731980571
0.5230376176181941,0.2443623515727109
0.05388715294243829,0.5983964336441892
0.3522511303711571,-0.6534083112763485
-0.7286488122322909,-0.9666451399259246
-0.43035616613165395,-0.32938408057107615
-0.45201191430610144,0.8630781121789906
0.6331454294529284,0.0983094124580095
-0.04750242286491568,-0.18191787987398622
-0.37812514499783023,-0.8820963837317892
-0.14940092261544846,-0.4892601439867663
-0.19279215473790434,-0.9064110599791111
-0.23095405096214638,-0.591853345163847
-0.2865602399881104,-0.6931072285536224
-0.9567889090888668,-0.9776512329600175
0.45179607337475547,0.4700902388172554
0.43140980317036637,0.45666795916977865
0.05099662970352625,-0.945518414366499
-0.6501693082122992,0.8706836435116525
-0.9904682700995244,-0.5185501965308446
-0.5848536957048784,0.9127616957289799
-0.640737689707259,-0.008212065930107704
0.5775797134961935,0.7178464371863722
-0.8430911388383295,-0.16113400209054696
-0.7145936800711967,-0.3204378038465714
-0.49055247763292886,-0.6562160778841695
-0.15742722947306498,-0.12050242186525106
-0.008616050621106819,0.30573577188329915
0.40431810338652285,-0.2071261912483755
0.6263299089288934,0.2783884003105339
-0.0986140328053069,0.6886275178461783
0.48225963927263815,0.3031559611758896
-0.408381266045603,-0.9967346608254908
0.3692767594166788,-0.16717016757965353
0.9084288762666388,-0.10832330028719017
0.1306751331985645,0.7841011664404287
-0.19115530840248174,0.1444190071733087
-0.4174690578079687,0.9250924538485061
0.919531988098409,0.709816858873275
0.2840154350232551,-0.8659089525841721
0.4373947988049345,0.17054695925945018
-0.9899282325110907,-0.5417423778518446
0.9620631497272478,0.6982057561861594
-0.9499479821716093,-0.6438409874931068
0.22077757753094174,-0.7543123307207564
0.2703636129579483,0.025553550330698283
0.9918840770313433,-0.963971796388158
-0.7438724126112288,-0.7020641591288936
-0.5586442975086487,-0.23230546343572245
0.7863046447498951,0.22392498198445754
-0.44253928727592595,-0.6198643503145429
-0.6013030348308996,-0.8213408409976894
0.4018999415007385,-0.2902704051844933
0.8656883917652622,0.08393660984334539
0.491439183844538,0.915096929039861
0.028537314127931923,0.17392309871694622
-0.21773451237324837,-0.8379256417400833
-0.37250947908462617,-0.3761786651154959
0.4500001331352741,0.7324726979811
0.5169395373585965,0.3159789840273468
0.9415024330975579,-0.5429290880471618
0.969293079283597,0.035486944077213645
-0.3796960918745482,-0.8278742720584127
-0.3518062698712012,-0.5325992967445203
0.7357135132559238,0.7600049896427361
-0.7288408976251113,0.5102931532282078
0.41633895017676203,0.25838033877270394
-0.01631896311065195,-0.37407323873894205
-0.07802845895174104,0.5087441609727037
-0.9687299817447721,-0.7875884947390699
-0.5165139389746198,-0.13615764605950909
0.4428844510870025,-0.6817087474729036
0.7186087513712891,-0.4150565772215449
-0.8713619833878332,-0.5924186928297475
0.8321112318039436,0.7336932023128546
0.04663113286931031,-0.6591427450058867
-0.4078093901248627,-0.40036950330682264
0.9082062446717378,0.25507282939148235
0.4204986838967908,0.003269891328658181
0.26787864840597475,-0.3951362620033563
-0.15851293449530046,-0.8240163804426439
-0.21635077747962161,0.27067153197046956
-0.9925620459981843,-0.6582562539197747
-0.06464260700975677,-0.6559000538707409
-0.9512469883834467,-0.387885677440968
0.5531858778311052,-0.031504758371783126
0.5947763896301241,0.35471007123330067
-0.8646174297796767,-0.5571816327030759
0.968630920052119,0.8066674044573148
-0.8762823031492692,0.6894566284964885
0.2802497996320772,0.3785015856125127
-0.94285309836044,0.14169987424785435
-0.07501179723413842,0.8300508481343531
-0.1613950570096785,-0.8758160950043778
-0.15909554117626645,0.29903818870773313
-0.7731922479402364,-0.12031682397617627
0.2860012968137704,-0.9758918310493518
0.1043925309048499,-0.4617881576887004
-0.13257790628480892,0.5280249403539026
0.07568060490563777,-0.4705293065888654
0.08779993627173988,-0.9869543985777967
0.5117990289448897,0.20725601204031818
-0.23033947312580794,-0.23068854641035275
-0.7121486341893519,0.7845239336003496
0.37698257870896734,0.5084267766071697
-0.8537193390116347,-0.9296176962413634
-0.5262769476608689,-0.2917751349306803
0.8725202781684624,-0.044639477158518126
0.3423173587568189,-0.7089530460062241
-0.7165169794240176,0.10888467078521935
-0.8691317191583228,-0.7433109385068548
0.4063895861435993,0.9329656593783622
0.8059394320901572,-0.7474998095659062
0.16489303891060691,0.4586832294007588
-0.3414264578456945,0.4869421327150125
0.3914077139442549,-0.422869929056934
-0.8556418266092538,0.8792507499562123
-0.950996363477842,0.7640553508704175
-0.5659358951364062,0.8866654005448453
0.1731827078085486,0.28752743280922055
-0.7904134927799618,-0.9379775500762413
-0.7666965637544958,-0.2194876069296916
0.9606203025067812,-0.931664020996072
-0.6346234974868907,0.015343464795526396
0.32070465817922855,-0.3866824397002828
-0.7575955707510704,0.7346345173517583
-0.1730238772265349,-0.4343848131299959
0.22539369762839145,-0.5267307391130449
-0.10382914739637927,0.37587825112891227
0.8776194800223389,-0.5513245523184644
0.780120737762328,0.8495860646715439
0.9266764798354488,-0.19832858740833004
0.7971919585237632,-0.6950972734632486
0.3233030239987642,0.7377511525116836
0.2318157124309015,-0.802348472793547
0.17291852716237166,-0.5512485352000294
0.9524659851927926,0.4068289360504591
-0.9947335586130082,0.08742318883005362
-0.9808589767428486,-0.45209343234260446
0.09951041062362265,0.5225068927342749
-0.6653909436165855,0.9174982250578205
-0.6034186434192601,0.11949061433937724
-0.26061864234780474,0.971796327501065
0.9075290758007344,0.3723067199017278
0.8585795685155007,-0.39748894474955465
-0.5339166548999896,-0.14619800302249453
-0.5204338013280405,0.8978728671382894
-0.8244165718907099,0.6578934739001328
-0.7275879862927193,0.5625878870234637
-0.035112147982592434,-0.7260991534186225
-0.7390246407178158,0.7194631517968795
0.2948291258312894,0.6636246148899525
-0.3894272831248877,-0.5732526304201675
-0.7537682275994766,0.20431622142476114
0.018922978986268824,-0.08093943390653324
-0.02753523142940928,0.11576589354229894
0.280250071282937,-0.6838856206318049
0.8139524530196991,-0.9926885977013507
-0.5618674439588072,0.34225266552133404
0.249022004065252,-0.7393514933230441
-0.6491078375836661,0.4611704847361502
-0.7050829854906993,-0.893096704164807
0.46401494028623924,0.7539973739423567
-0.025237946061158034,0.46150344617351147
0.11730372383234866,-0.14474084608954607
-0.9692858742391548,-0.15203541942445775
0.8101622323387894,0.3100605588674772
0.1904913452373167,0.0717849540731259
-0.4933849384597291,-0.17284128368031748
-0.016078378525563597,0.6982214213952489
-0.7176296960565463,0.07642699988873214
-0.6418917434047826,-0.157204369912179
-0.6005641110576632,0.9155346642139883
0.15426079824582217,0.30095943633985556
-0.760498232358279,0.2294978459600323
-0.11380578277925535,-0.37657410580363293
-0.5644941106743371,0.9280847963357892
0.19995186790030006,0.3862496835018807
0.011502334065808695,-0.9301138850462873
-0.10403911557859513,-0.3901797239621585
0.3741551118471609,0.5681890737180895
0.4595815971658779,-0.9514918880489542
-0.4051167358075942,0.4826239421376657
0.6728665335516562,0.9027828314505855
-0.4201137584798389,0.5118768101957609
-0.9302037734110757,0.39820040826172565
0.445981796877547,0.9765931757035575
0.7492137586332765,-0.3692655590103069
0.7033915362201064,-0.6820762319389388
0.3741320835927102,0.09550462466702614
0.6923126017350179,-0.06400794258453879
0.06304121519853045,0.39603409705566794
0.1283168735493938,0.05389176654755312
-0.681703389946956,0.7737446379705553
-0.41767754939608714,-0.7833495343220809
0.13862157811266607,-0.6975225141896575
-0.7459147911595876,0.020922911637705877
0.027211518936822943,-0.13959372609766674
0.493860844743361,0.7200068316217965
0.7338787886525213,-0.6782158192488481
0.18509234907284822,0.4601015764189871
-0.7408679628259118,0.8035493397649986
-0.678321223901116,-0.9224420610917603
-0.09996357912893439,-0.743112992560399
0.8965870012575956,-0.3768041320453097
-0.06784713847536605,-0.7885726148444032
0.5642684044818793,-0.9214047606102596
0.89881025642582,0.05983559660958648
0.4475481639761223,-0.9094082454022019
0.41841500812717913,-0.08687211773385561
-0.06964388787124198,-0.0259600466889367
-0.07754278917463786,0.7621266867736205
-0.6891280452619228,-0.2807680973614952
-0.19867487873469436,-0.5519542368646573
0.7853612853475569,-0.7108110380375279
-0.9380070298850367,0.7752735660816423
0.3911804501076688,0.10337214289395913
-0.20890008297910967,0.99200227519774
0.2581334486313267,-0.7218154487704487
-0.531108431259669,-0.18057256193211813
0.8005652422092095,0.9309674820204037
0.4939484449363285,-0.7721783992356108
-0.6717197053387898,-0.346979822135167
0.15557844804663867,-0.7621370628723085
0.9625779458356523,-0.8814991973263131
-0.26979558877740595,-0.8318214422130212
-0.2856011667528382,0.7198950636057864
0.38003015164600984,0.9551403548423916
0.11478043427631457,0.10706621200180688
0.09672147015185995,-0.561471379454582
0.8835225453559268,-0.444270583564653
0.059793016674501986,0.836757443743976
-0.21983318542979857,-0.7974801601312431
0.4688431162241107,-0.9720658412438563
-0.9979031006153125,0.3576541122896695
-0.8392667725897816,-0.29189751953078735
-0.7222295581582343,-0.657489193747445
-0.862738798666441,-0.9844019705669931
0.1487954154754152,0.5982857275384454
-0.4941690968020256,-0.20947796395972662
-0.157232389103517,-0.8267960477773344
0.27507368134418053,-0.7190818035194209
0.6094893055805859,-0.8803994381726259
0.9493303636347297,0.8123151501225876
0.42639097141334203,-0.1814917986708895
-0.06964430919401998,0.7048749444854177
-0.4253170802212094,0.7982198380091547
0.36155982410650167,0.5524670738749939
0.7459650052662055,-0.7753784949414522
0.23955554859910544,-0.12943604064622316
0.05972729639399055,0.9149184521538818
0.36973193447406993,-0.9250654982397004
-0.3446238198225362,-0.537293388281358
-0.9429713243496651,-0.22931284481431358
0.3681248957831429,0.8611695944756674
-0.6999610644611707,0.41129538242551633
-0.5937101052814782,0.8725081206676861
0.696021251026467,0.529814058097891
0.9182372043983349,-0.684461327851184
0.2663535927663627,-0.05042502429985718
0.8704272609942145,-0.570274536417847
-0.02358280150324865,0.6492264161471124
-0.24629148749442975,-0.4772623819460078
-0.1491504522113598,0.28706176736240474
-0.7067860556661822,0.2199524981965506
0.2745598381305703,-0.2178420629047022
0.5579179246953776,-0.19184667064790317
-0.6781469928783652,0.8049247150067269
0.6491133165642133,0.40199756644672013
0.7704615417027671,0.5472424043135988
-0.5072278533918395,0.9606619308739017
-0.1657619175840832,0.7224449449240267
-0.8310430680505898,-0.45660468660144393
0.5877133970250874,-0.6120179125320899
-0.3178485204615067,0.6165420558801884
-0.44232079330570273,-0.11132589651499591
-0.8904154623314977,-0.28907598541483837
0.02140763883083885,0.9860490873351004
0.6603219388703065,-0.7227012055230382
-0.8219282660999752,0.06933205080434357
0.3361061063756199,0.19893987204719155
-0.45061456752347384,-0.7637674702294335
0.6056254362688522,-0.9057883934513862
0.7174345187386375,-0.013243735911225407
-0.21290164396630074,0.2783413263448169
-0.1778779918716551,0.29084339881005383
-0.32023916272674,-0.9475818673843341
-0.8823936559038044,-0.129284465861222
-0.6069514723123128,-0.15102415678613212
0.32656231284257564,-0.3186099419631774
-0.7070315846391357,0.6873470355671969
0.5330486370113248,-0.22209960308730947
-0.48164239675305875,0.3783014025707212
0.9192191931089244,0.025336801540075005
0.615430081993438,0.9663114043432295
-0.22193275054536743,0.43790271971022254
-0.5027844299703261,-0.9908846279440937
0.9238467537252104,0.3257576938341704
0.15519777960605885,-0.531923685546819
-0.12623432961288072,-0.11650259457521539
-0.6663385047155173,-0.7808364260337177
0.9890016655316658,0.3716988894307365
0.7229631472056477,-0.5067879086931868
-0.8599578675732389,-0.37696224474687656
-0.8638598319243689,-0.08455862160042504
-0.5991957814929385,0.24706084206701506
0.6039798173597799,-0.7619533820759568
-0.2220566776784043,0.6127782430732083
-0.6431309894797259,-0.6540002642307479
-0.9537875559021116,-0.5441859437814534
0.25745233341131923,-0.33497151368020606
0.38768672642481095,-0.21306401144087128
-0.5936736845902824,0.7120688010773912
-0.2778786135951319,0.6713599250099838
0.3637025837634773,0.20231378278728251
-0.6323352474961554,0.4033044885288497
0.7131747059180045,0.8633112435396539
0.9855997881155825,-0.38215003557457106
-0.4605722430279875,-0.09461072504860168
0.6397426143755094,-0.03776882328435471
0.799931246958941,-0.04098197193952857
-0.759422522198451,-0.908724639538881
0.5413610870182002,0.21354379243777366
-0.35383713262058736,-0.04322815008158387
-0.5553027752736506,0.47805901547229523
-0.7437051248976569,-0.37186071024433964
0.2786487815516756,-0.0659987604185499
0.06336826825729935,0.21183461850648033
0.4992600819611055,0.46040094451960045
0.8128280047232255,-0.17047468385136844
-0.5457449269709596,-0.4134731020897078
0.17805717365393314,-0.929874608946081
-0.5661200556655424,0.363005574635169
-0.33099859565564826,-0.1516267938843343
0.1557080851827548,0.7413198756817694
0.3707816755921878,-0.8172925234267381
-0.8209269980262286,-0.5870804756907817
0.5480008123507398,0.04777571885056964
0.21549927431007143,0.48300442019069556
-0.34759687972836306,-0.8380117173009314
-0.66529535654381,-0.1596300300931044
0.33599857182404147,-0.66189197313302
-0.3385517711542967,-0.3664678694373136
-0.301283942090496,-0.14505500706338115
0.3167047404068086,-0.12532322884077662
0.18910478409470066,0.20080289075643476
-0.9226537725420896,-0.13319210894094713
-0.6714461456370566,0.49440218642510403
0.5117171604629855,0.8857951732818554
-0.2560445951403141,-0.09341623448399683
0.1941904434398265,-0.6521480648630829
0.8706880702339637,0.4861735962549174
-0.990003184287781,0.5543003821036285
-0.8727488046671052,-0.06403147005131848
-0.4676785941258328,-0.9706893930294693
0.36483449546925484,-0.9101193431359467
0.9868658624292213,0.4526275214093365
0.9595587363345717,0.10985582283459783
0.4147763951046848,0.23812803696248697
0.042078079266679946,-0.24873968032472882
-0.6969577748908371,0.9203785818030992
-0.9513127461259314,0.43800749694009955
-0.8278289299318733,0.685191849293771
0.030029121760053457,0.34377468319091053
0.3941524927563935,0.6165093487561075
0.9679527472543521,0.19323850401051446
-0.14057800988110203,0.5307644772914062
0.7280236080438947,-0.9226651876011174
-0.9802576842778679,0.631208887720599
0.21464231888639684,0.21912779631946622
0.30462243320831806,0.6385135771916712
-0.202320112902989,0.33195115959627275
0.9420956804981777,-0.4597163946016365
0.14399158264986056,0.979061632426337
0.8103839793355736,-0.3490466008002868
0.21412447185846606,-0.8258762785566971
-0.8948231982922596,0.28485898658627695
0.3739866343778673,-0.6455768739654979
-0.6720434557456807,-0.9808903919542769
0.32319896929969194,-0.18621662422139273
-0.6159934995612353,0.2592111001929709
0.8563043702731283,-0.3002608575201344
-0.5755610103746729,-0.38077941086975997
-0.6500387703293107,-0.24040218386936307
0.47478548195750103,0.48954039270384575
-0.6912975568818711,-0.8374018417750984
-0.136606603069521,0.08928712151113993
0.30379282807220154,-0.06954571258463482
0.9960772611162025,0.28650044383382234
0.20417244837151638,-0.2238492905716225
-0.8808251219812304,-0.4817167398902238
0.7254255353981298,-0.5190686364366255
-0.628636866408453,0.2542942771508483
0.012167793926191495,0.3320059108555067
0.6452898158845188,-0.37915902105891086
0.22119908551517176,0.5985724623048181
0.563282015773465,-0.960849799945023
-0.11278040769850217,-0.45866467152799717
-0.7829050997132243,0.03022059818127687
0.22986317884601726,-0.9692259915924106
0.22986667227246138,-0.3000097125633261
-0.49974738980970246,0.49199799991116877
-0.8308504015096232,0.8423803366393932
-0.03276431350362974,0.5990999124170704
-0.6269097583501164,0.08410370691658975
0.20791409259268523,0.9094978712563311
-0.1524658275821016,-0.956043479291852
0.9940298609816831,0.4588355295125337
-0.9499655249689101,0.09063732943820191
0.2552274815559692,0.2295872506126544
0.09744634442896394,-0.04303222354089131
-0.6478369905678079,0.36159322746456324
-0.78300745977647,-0.7952835957391524
-0.7931159297299109,0.9903278300327132
0.10638858890569569,-0.666944802106423
0.7148590628031084,-0.32121752501116907
0.2768189235867802,0.18500728018855317
-0.6975151937468056,0.551422622950114
-0.5767413100752279,0.23007105805512174
0.4958577800906181,0.4437564155678213
0.3998389991544804,-0.7124644667725277
-0.06895535637338002,-0.35136940779703907
0.4736563617587486,-0.6961710946187725
-0.6369573514484856,-0.8295521172606786
0.18863063334244545,-0.09142912844027395
-0.07992755202447022,0.7910770326793988
-0.6082819788558611,-0.3521729095406019
-0.8981997363694001,0.706306926231401
0.7569901712254778,-0.970607479246834
0.8345380342305979,0.00927158797515193
0.48879219513452754,-0.18624150894063174
0.2734239797505795,-0.12264691193523958
-0.2066040971259464,0.34574638558904813
0.9810400116192477,-0.03835275178264186
-0.8207312289366997,-0.8543811468642057
-0.3861265615231515,-0.8168462321547278
0.6792805063672203,0.4648077063282976
0.31248585220905256,0.9074321637411302
0.6838734846495003,0.060226202748690394
-0.381796474828882,-0.7004576216964078
0.23242617692048784,-0.9475394494981626
0.9285974547604621,0.5536666531976666
0.3307412253004205,0.4069642383343013
-0.744025356231657,-0.3531119077593359
-0.8542060463537879,0.3137076047259222
0.3675542313590643,0.2841788650069168
-0.22542040065207347,-0.46043878049947695
-0.7370432269938709,0.7817297643488994
-0.3078997767716469,-0.3109779006337343
-0.615913622403055,-0.22166973626043585
-0.04576338660581469,0.23271808134342686
-0.04555983768343941,0.8695866784340505
-0.23554732801166867,0.14945474940661962
0.40933108393024775,0.5273445940564254
0.10898321814921319,-0.9236026052328716
0.005464936994531433,0.9967586290017487
0.8233587103273428,0.9733079764792669
-0.6122363811744,-0.7439677164484222
0.6738250368719203,0.4805859928327225
-0.8567180506881205,0.5789274959954065
-0.17958226794897247,0.38719001229102235
0.18651623503760217,0.757722491714673
0.3741543317214453,-0.07665614780599506
0.19735793495294573,0.6243735518063569
-0.33098862004873664,-0.04573841946411972
-0.7276025892246651,0.15021627137602933
0.34005562315962834,0.5749512896864797
0.45223681970254526,-0.8903821006162966
-0.6676975202035995,-0.9075127938150627
0.8519236171408584,-0.9394278293185443
0.5605769246822483,-0.06903229612269657
0.748570071849195,-0.7746951382899563
-0.901143290203414,0.605704013157504
-0.8303237422918923,0.7465377270592317
0.498279337467616,-0.4129862422701047
-0.722371533224774,-0.2498645318491992
-0.8838015425429682,0.6103205510023493
-0.839703536636518,-0.33756123762851353
0.18437772717937473,-0.21191034895442562
-0.48539206432079074,-0.6893343655740958
-0.24738603768960066,0.7404576026221636
-0.8505700736594677,-0.5226607398398511
0.6147841993319731,0.8852419003765966
0.23604161158258274,0.7847810608800645
0.8575138967957332,-0.9856555475566615
-0.20106540931950478,0.053284166313383396
0.7673679150195285,0.33239176681127147
0.06663111709493696,0.6066610897947211
-0.509332067567853,0.24478186670956714
-0.008336721257050428,0.39143793876616795
-0.9392570216822904,0.3561365721337981
-0.4991910164275699,0.23104472360963557
0.1906243227232114,-0.623514362169598
0.851134383922731,-0.946069214770423
-0.4251029420091561,-0.06866213667663623
-0.15565476875737283,-0.4853893575341435
0.352625872748507,-0.36687801083324834
-0.40859763352932954,0.06922566788216811
-0.14602640759903296,-0.8046921701920808
-0.9786895977384107,0.27228387159507195
-0.2136638237555164,-0.14315188896083142
-0.6075587727222236,0.8288181183261591
-0.3884804303012319,0.9334066966407963
0.6917073759219292,0.766282233368091
0.023687356020637207,-0.07682999649058031
-0.003646871345896807,0.9830816884220577
0.15851174709430893,0.2688642414514384
-0.3749151608770558,0.3857138785218064
-0.5528373330274983,-0.3860696844240956
0.21971454720037853,-0.1559286067711858
0.8744737036188228,0.1896369215420326
0.7754443985948409,0.27453958272034384
0.8088262257175953,0.8312383414322544
0.07737270894892267,0.3030976289364511
-0.45800378235355876,-0.9548857790826888
0.002754580517187355,0.16571144569645457
0.2104120191217549,-0.4648449130529082
0.7130050047963159,-0.2291169438713061
-0.1350267407209753,0.6454854204972476
0.8863833016922544,0.17930127679750751
-0.8852146650894874,0.28794564152009006
0.8317529890149329,-0.85188484522003
-0.009133359794087026,0.09658053541036438
0.5757621622215152,0.8424302594786528
-0.5409115462914378,0.7877116045595407
0.8302447466505711,-0.6657934908093706
0.357311268415061,-0.9970026174233968
0.12359439716570186,-0.9111868661359706
0.4398836413938425,0.2742155484168294
0.31931688986658324,-0.7179240386015713
-0.3166262923593317,0.17232674923928615
-0.7530805055900207,0.49572919027316487
0.04060556423134454,0.18971057994740925
-0.7652503736849678,0.10676249755503187
0.4257767488829911,0.4532894883002738
-0.03865328145401015,0.5162323442579626
0.8716358229464638,-0.022412495925684395
-0.7686730804455002,0.2556846332765461
-0.47959803627145536,0.840596423333078
0.03376990724239759,-0.03558689241193447
0.3933121007320386,-0.5983487044818545
0.5555342160195926,-0.7516420179792926
0.7293835875563168,-0.5206548575522232
-0.3011235793343854,0.5115247108288319
0.09218436802914698,-0.7311594407387245
0.09220657812563826,-0.006616600029295094
