-5.61674217024224,-4.404285886560869
-2.240469482553107,-4.767208051958473
3.3429689583576074,12.550987564161279
-11.22217655621606,-0.10463015581920782
0.32382094135381917,15.122785783671695
-3.3116416993075624,4.246439744373244
-8.754092973625477,1.4701904380385802
6.638370138566665,-13.052464880965287
6.385840899181608,-7.896355838104424
7.366936444756565,1.2047047006111538
8.516176163485321,-1.6980300519567246
-13.658811731658387,5.420661845560985
1.0810119274039325,-11.889419800879793
-1.8721968336973251,3.4632198035048334
8.377761245515899,5.228038404218283
14.452032514930348,-1.9532995572573255
-0.4129347828383587,5.647473277259713
-8.324147206386963,-11.000475983576736
-14.252400702082292,-6.229669060794177
-10.569681797895736,0.19845318298473966
7.911817868963825,5.1306691201445656
15.821344832234926,-1.3234789884819003
-4.548990700371848,5.309746615206302
3.246773699311538,4.621504975011428
-11.63764141644492,9.31155582383734
11.765015847141099,-1.4931434222487117
-3.486132509857404,4.903075102120382
-13.033769143059276,-7.418866542504666
2.477549100040902,-9.767416055206173
1.3973346713608816,9.121524493171282
-14.54289217224644,-2.7684653937811605
-5.844982437212974,10.72327783062564
-12.721279878648446,-2.632992914251592
-12.960106850113593,4.213334208580047
9.133450896611356,-7.850378244841155
12.597042339935054,-7.555527952863564
6.023375672378276,-8.89815117316575
1.8389311530692698,5.7621719218881
11.18883769955267,6.7839799162993994
-6.478597284189862,4.7963632855091465
11.453138052079794,-9.509839879749077
13.750167736782915,5.157257368948469
-10.34462970944977,-9.42669403151812
-9.291406627386953,-2.600571854175181
1.7263574792434506,0.19212888325498956
-9.32533758586641,-4.297028907902032
4.992762731218294,5.060422043308541
11.935113972865556,-8.549712467410929
4.275810806145859,13.513067503876673
-9.811907996464967,6.77717929269208
13.946711822444595,-0.7250534047881128
-11.743027571175073,4.102621281916369
4.9563961858437695,-10.2969422196582
-3.4316239499060615,1.763389972326252
-10.585617282741485,5.309645935795844
-12.713907086203882,-8.2547701437788
2.693003980021644,11.28365096072484
-1.9245766664240027,-3.208617760003686
-3.3262450812438047,-3.513415702555367
-5.195861511305109,-11.235366904415747
-1.4392499249197115,-1.5090677917964095
-14.295550926641521,6.915192786821997
2.2508976639750458,-8.248320752052837
-3.1486835046669177,7.043237051307335
-12.773423886573681,-3.0892040229522335
14.855886241207102,-0.5924688668653068
13.58687631164047,-2.066516406082188
8.353060244694703,6.97874452663603
-13.341138576196984,8.660764626948296
-9.767233012353616,-9.697345590764046
6.45076183216133,9.533053033084324
-0.9532942247282667,-3.7007521978523106
-6.281105253798194,4.811932977462564
8.233462818651786,-7.501601748277493
10.837234840601683,-2.5286748403024792
4.104555425354054,11.509597902948448
-9.988535954180877,-6.306713595947477
-7.947654159136572,2.5270490022507928
11.1470467778267,-6.181098670535547
2.8240027610181855,8.89195470772548
-1.2976732581057007,-10.172883122519679
9.489121394827134,-3.288385376186789
2.9977936465877404,5.895324382255934
-4.83526110626498,6.8429474914051465
-13.318710919917388,-4.968808663156806
-7.979569188983015,3.0686780016404067
6.727728311030735,3.0749209762520424
8.556843221463115,-12.446457298783127
3.558432293019023,11.11030079909736
-7.605890237850108,-12.956454471218718
9.686429904596517,0.8508128277635016
-6.364612479949123,8.019574920549854
-1.7670466314771058,12.820434488620972
9.848025980103593,9.010253870314623
-12.07137454764207,-1.704681834493138
-12.804874653290696,2.5767935250636698
-14.39836838942226,-6.071327698486423
-7.409203102126819,-2.6288051134406056
-11.123037031032156,11.025506047995759
-8.276088801374126,8.137687802152392
-14.035773719056106,-2.289792082142744
-11.751988467854275,-5.9346195357670615
-0.10545353291758955,11.671018939266926
-10.296711477877189,-9.88501507621054
4.520478195273716,-2.462665635297057
-3.0790992915715107,14.037143784981474
-2.4751919644088387,4.835541863338858
15.103359191201678,-1.6801241869299672
-6.746919355256818,14.375185921653058
-0.3215234212661688,14.398810663930908
-8.623903546271158,-10.481783928283152
9.63632022640561,-10.983625667914438
-5.862945641804646,7.642135972649327
0.5188751238654986,9.253542385960728
-1.272561212889001,7.364512814337451
1.4221831523309285,-4.963272685305168
8.912145539396578,-8.928878366806003
-12.457627299927097,7.571596949947053
-5.420227736093752,-4.43892022710534
8.34976285973885,-10.861361788351024
-7.073796941214456,2.9175965394430525
7.783199576434145,1.182361888361029
2.677618519151867,5.687709320898465
5.845571127980742,9.831334583856533
1.5991351929520836,-12.97673899579704
2.3538722225526523,-10.686295666203941
12.319667223439007,-1.0432118256710776
0.12486517482586815,-3.1681517835814366
5.742523499523047,5.873488095861861
-5.144116726803677,4.328543565289031
3.342894931912797,11.29598013389239
-8.098086848571429,3.633567142756211
-3.502996504286746,-12.948518804528915
13.369054248052308,-7.031259665724938
-7.678058171711349,-9.024355374065069
-14.145532613843995,2.7085375869826342
-8.947206637935734,-1.583764665861683
7.377117462679175,7.833182729965183
-8.825950360081483,3.818030044537967
0.11282054076521711,10.764840728938458
-9.571704773957892,5.586567063439245
-0.07946881746079026,-7.921502733559318
7.323119521510233,-10.562561931188027
6.6468495048780065,12.23540788463517
11.57891757742638,3.5175958180426785
-12.015911323906897,8.106731800770746
10.239984237879451,4.659578255140172
-5.299798009801971,1.4521204072641203
5.819238522750274,9.98098701218548
2.527770397073035,-13.956044941076835
-12.342632503912625,4.022507349509715
-2.555213755291769,-4.614975629382135
-12.315755681433453,7.138752373911793
4.90596763597985,0.11377301945543675
-10.202209555824808,-8.33775362396929
4.762555106711349,1.8258935687563647
-7.30985946551652,3.347657181191972
-5.1510104514155755,-1.7676006338209695
1.3246769036397685,9.674031832735109
11.421085816969022,6.907643721294479
8.731986335626164,6.4457075634890515
5.184850145141419,1.6390183979734863
-8.501415729358447,-4.577884578916455
-2.42149041605568,-13.294553331324142
3.1376351094655823,5.729831270308936
-0.03490261085828735,-2.00293968868213
11.728263477347697,3.7168727920201787
-7.77924926202851,11.613709374356892
-4.962790054399563,-2.885210453449996
-7.103403121575029,-9.86217737558922
3.0684738264207114,15.630271561059853
-9.091455375535439,8.895965025808794
1.0957491285430305,11.582849215077688
-9.710366987256705,1.0387926520156978
-1.0811842454968135,14.278752835173199
15.7635572426073,-2.706438244899929
11.970443982594754,2.1261643763962303
6.880447701419444,-0.21261443673876554
-1.7409430742047405,-6.279551029195382
-5.249217401588582,5.746723923334192
-4.615530685468069,2.7074697373220546
-5.971788841345483,12.061008219077284
9.65633501231988,-12.702572943042176
-0.6185300522983861,-8.613419089281916
3.5293530998226093,-7.315652625526661
-9.273179191153014,9.300293878360453
-5.45725079954664,5.974869446292522
-7.259429038830832,-13.420379636472646
-8.537643704508858,-6.8876701131250515
-13.925540728591185,3.3036235576793156
3.672078065005397,-5.147129715323748
-11.74183226599343,-6.479013329929626
-11.541065243569419,0.13899008205794608
-3.401363041149083,-5.553147605506499
-12.009189048689036,9.149368765434367
-5.9136561333288515,-13.145316476956257
-6.006248237177803,-5.1862601467961245
-11.705629919004442,-9.79938099032959
-14.993633628280783,2.6655558108408197
-4.500751673661232,4.869183316046825
-5.563090339083883,-1.3354581858035468
-1.5059641841175002,-9.751800196384186
-13.113842686490969,-7.186738885313746
11.467378793263341,5.51022603572218
1.7177071026864825,0.7421915117375841
4.652527170256799,1.8979128888958785
-13.348474531538956,-5.2665401377387155
10.4770255435061,-1.329969864235241
-11.409709257179951,-3.350030002159458
-1.3691970233261819,6.850828125146226
-1.2146418672463601,-0.19081049826119548
4.702344232061685,13.604668893586874
6.300231650147741,-0.5980476786015027
-5.860895934021548,1.530450352864562
-2.0946083076251156,-14.314016946679718
5.258231937197372,12.039111903588527
-4.527458596067422,11.07059675742435
-0.8892141393868641,-2.448642299493731
6.912408542357204,-5.782771480397512
-11.137577040356762,-7.8233740942405925
-8.316143899913449,1.5933111467856231
0.2595868548201065,-11.926860875339337
2.4675179254925586,-10.34342025916957
5.997521147740157,-7.792901172685148
0.16903871060512896,12.111127404542215
2.711494847472675,12.368790311763323
5.441600560130799,4.892036772271769
9.374132399555295,2.3681376624767854
13.003062092731778,0.3745884208070795
3.9711686883658848,-5.817477376591294
14.351517770687153,-6.8716909229753025
15.433196701647176,-1.3940585967600552
-2.7321664874568103,-8.852856062136839
6.768186576236879,10.819859044735784
0.6254812612844685,1.2458675797729213
-10.257421879010256,-11.990274741420134
6.359336246367601,-4.291704825273904
-14.106589551996278,7.036486685541039
7.320899602352135,9.094017034645045
10.56275568716411,2.524603299206596
-5.125557520025821,-7.769567680620573
-11.664690427746152,-2.550065513973451
3.4939977489857803,-9.842159304011522
-5.912165037036766,-1.4621284523679265
-9.604282774173969,7.670263858171693
-6.492611100643369,-0.31107791262907203
-1.390757517162539,0.9853888345100524
7.500011742406461,4.5745661596605425
-3.7209735504119323,11.28830479576377
-9.954512389882824,-6.214520917078243
0.22958698252735196,-10.594080478801088
-7.073197267115664,-13.675370080793883
3.076481654501753,-11.69768088779035
9.209220965365112,11.246529504976158
12.667381238238265,9.740101829937231
-4.79207655030139,13.709837515529234
15.320551787652395,-1.8478909801758463
5.710102700878698,-10.026452716154003
-3.8830858250315323,-1.0223959140101302
8.540555351508353,4.433785646009225
-9.173646531975148,11.204842631719231
6.8283364162989955,-12.310614371019312
-0.5378000715300556,12.587232462056798
1.5320096889220758,14.938364367569239
7.0873610796451105,1.6960682499985256
7.472705939803188,-1.3114054964774589
3.338642666150091,11.43215473199283
-0.2292782497922047,2.75860858695497
0.01386803981263315,15.32797308378494
8.681236418758012,10.297818046160867
5.516962037298072,-2.939811828667746
-9.679487273379367,6.23545892393726
11.006434045702898,0.8232514371409343
-3.6561997667715818,10.612951681882725
-10.552173212959474,-4.30834212796058
1.2345719433470526,3.067268958189967
9.769565123782582,6.744919931240606
15.033434961417855,-2.084502051099819
-12.056481180397148,6.9900934371471735
0.9574585109047117,-10.067922747837793
-0.2714992292886246,-3.5815703028587103
10.681595895036503,2.2456602800749
-9.600317240034121,1.8335522399115438
-0.16132713631607845,2.3454285534138872
-0.9330317133103151,-6.98034468184956
12.791159469243746,9.459403791016625
1.0716417540100374,-15.12241872186783
-7.933535393175525,7.3778745187382135
2.0099456418705257,-5.119196812266409
5.272798626726771,1.9751099653357918
-12.375958438311187,-8.482794728453216
10.421879187490816,-5.567993944417517
-14.582128662336233,-1.9907729707631314
-1.668991312631969,9.724758732987183
11.616242561437632,-9.671431934909037
8.111518843416814,1.5991103086278946
11.818500616174784,-5.708609656487893
-6.613832279802484,-11.230199614627777
6.101516250137072,13.58793039314715
-3.8155527194079286,11.46754082096765
5.752084815286505,-6.4865269185408065
-7.359031609252171,-11.58425299816933
4.973366305249972,3.8489642881690305
11.88862057711525,4.500602434920817
-5.295778747644879,-5.665873408486722
-2.4903110821099332,-7.168718569502715
-1.344013513035785,2.520238556631571
-8.236654844705054,3.8981250460496226
-1.4219371817877167,10.136061718532579
2.3581099938824344,-3.179927569983831
-3.416472591476704,11.605232269552145
14.306739687883717,5.272506609129457
11.45374122705995,-9.376988179543334
-7.330230282614671,-8.14552882240846
-0.22809408942394735,4.59715093302829
-6.5392812100039155,-0.9533035386176646
-12.481916931516535,-9.855391878385813
8.698375208556898,12.390526333354147
-9.739735663198555,6.870377739848564
8.571806904911295,-8.128283021955784
11.838806137072883,9.61924596897866
7.4782502722632325,8.495299155679561
10.93765404110169,9.259895521205884
7.524737141127044,-13.640133951674416
11.868949226639367,-4.13606081297426
-4.885374467037561,-0.19606700848807931
-5.090214606744838,-6.069574546794542
-8.997476657405176,2.5754649917056014
6.354516970445154,-1.2438607441011944
-12.707273150766005,-1.3729588689801464
-1.6455258978404959,-11.455638959304022
-8.087298749838734,-2.5642229898668365
-4.055315349576376,-2.085084500226505
-8.977848717023814,-10.063316142817143
9.679322042161253,-1.9207863874529505
13.87950599094101,-6.868996861840804
-4.9733308368355935,-11.87333494634716
-5.778179333115267,-10.176912058673501
10.372048967727869,-4.875945563818195
-3.387111934489217,9.049459973019449
-11.662961185429452,-8.338625696017882
7.120403640127926,-8.50563147954456
-4.549600883641999,7.882133355384032
-1.4077183601132972,-1.013307796952152
10.041266305280347,10.057321640593274
5.084441556968709,-3.2929681970662834
6.582510918728757,-12.392078570688547
-3.2718264431435045,-13.167763860709314
-5.110175629665925,-13.5430870883248
6.683701399772673,7.517384040140706
9.141067237244751,10.408047048003997
3.1306889341306445,13.257818631038724
-2.756330971818828,9.077107136120498
-0.757840579576328,2.631306049851505
-10.624734447472605,-8.499178641300704
-10.064897290090713,2.499032928897047
-14.102131307165696,1.7098655654684822
-1.604006522113677,-14.904585957838545
-11.111945995810675,1.672615964066072
14.638123565410027,2.544252343605813
-0.5550844004402041,-12.856565714887171
7.337524695371225,-9.107492263659488
-4.983570692860306,8.159019323199347
-8.602951485578231,-1.6850392746601743
11.41184803178414,2.9651007011014556
1.8993085666701852,3.323816071557925
-2.3047846489636274,-3.0529843254028797
1.2961120401052544,7.282573873233587
-2.931768008043243,11.353027537577736
-2.153774359444657,8.2594625277524
-1.0575154531529676,7.570069787649745
10.865147911997493,-6.438999754803697
12.709643999361225,2.9484285817910747
1.7872492602377985,-12.658625118801972
-5.918791264086374,6.043119242667262
9.81334207546835,8.684606566489595
-5.25861654952815,-12.521260067005581
-10.704695604645456,-5.068009496657128
7.957456400533524,12.975037030693588
-12.828786502523679,4.741175240032259
12.369319255549039,-1.2359289069991188
-14.898010284530532,0.9394407104363875
-5.076969256220628,11.991066832055568
-3.730096309572027,-11.238956377133407
-10.534978515278805,-9.726081413126312
15.272234943865646,2.646633692304525
8.137342875426375,3.7088651944635225
3.3672275341125575,5.505914237913533
9.030368313895675,11.416946037747126
-3.0166429553865406,4.442417751122485
-5.720507458357816,13.690337995183631
12.617912269445272,-0.8992146536540222
-10.28930638662672,-7.861891659292667
-9.402046445116428,12.633509141699397
5.075718346960865,9.96063153321565
2.5171687893134864,-13.61676985378377
-11.108227786604862,-2.743433725109142
8.677832080370209,7.226056752923609
12.208898130280717,-7.9188685382166915
-3.723061382405355,-9.61796305205703
-1.1303164453027768,11.835059139113612
14.996945985449925,4.276318658529182
5.930610027755803,5.3396579082258855
-3.032256913393414,-5.960059287463606
-6.287840655803476,-5.102060346481035
-3.54461249624414,-6.11409998961832
-4.828217410377303,-3.08508468428555
-2.3594197906747243,-5.793788300029209
-12.348989805554009,1.354853334677765
4.7020660790226945,-12.928618119690581
-2.4910542765179904,7.857034531624558
11.470064526906945,-0.9444751718109969
9.397475245167085,-0.7912247731555423
-13.376032232173241,-4.136575183944568
-6.241726194588592,13.884508450263073
0.50277395729216,-0.8237094492018777
13.942467591154761,-7.168220743150215
-10.001431933585291,10.666799304352251
-0.4812321527068469,-3.5651987995899783
-0.041364240033206406,8.127103477306353
2.907043998795225,-1.8889759719837933
2.2018660532538146,5.155674133747802
0.2787671123908458,-1.3414940254883825
-0.41238175114138986,-0.2469686531994482
-8.696945091946782,2.4118743665044757
-1.5967974788556571,8.914703932199373
5.458655709068275,-7.808071935911412
6.153717181431693,5.434839495610936
-0.14667311811389436,-10.36456812894711
-6.52204710234531,10.338934397614338
13.093976854746945,-5.30758794296495
5.99094615195748,-3.9522863226643214
6.4664516211387255,-2.8696022118175457
5.202533992863798,3.456302941678028
7.325532374580381,-8.196142018332246
-5.765492748066237,-5.349531097554631
2.854832322257947,6.489254691811341
2.202826383344932,11.356712383492773
-0.25187031860062997,1.8139775254275128
11.482987254372272,3.5395331320893115
7.346058856119892,-8.627840797331386
-8.239983790501698,-3.0537071603320607
12.148839082747912,9.894439008808995
-6.438174582187572,-1.5419382371630546
-6.605780614578326,0.18034988887127562
1.7778503393885872,-5.257674567111164
-5.93508017448461,10.306997171756196
-3.092316400446087,-2.043473684697973
-14.42854055861505,4.426524847116801
3.0838245332906546,7.16175354298363
4.965708860737198,-6.463377008998764
-1.882823162613201,6.920706525251715
-12.657122649305858,1.2630120343275992
6.875183838820651,-11.599599669367358
4.127002689402355,0.5588655611529619
-6.441130180314323,8.795386075302646
-9.72163178314636,-2.567490943283012
3.157773130189535,-7.550806948113238
5.40753960275145,12.689408146317298
10.500595991720855,-4.889425215716373
-9.113880913397292,-1.546366310905529
7.374281605514532,1.762854703927883
7.997396221995711,7.71241963041228
-10.440088230915364,-3.2456330867238505
11.732857787802311,-9.032583987532428
-6.310264844963865,-2.9448197639067932
-7.170312515483676,10.750645551956332
-6.656879038182187,-11.880327156640014
-0.5362999534137038,11.25135508278361
7.742002257673964,-0.7257827511397018
-9.778678493597633,-6.970359631725907
5.665504301703706,-8.07283203214135
-10.186542112657872,7.5170499710012395
4.899866768962056,-14.173070926474432
9.491634421386696,5.238707604834679
-4.934570083352685,-0.07747103262984638
-6.747030576536334,6.480232202898695
1.7320941731239228,4.725376737227643
4.306831030180905,5.060201099765958
-2.829149744115101,-5.774230823424164
-3.0407555932270283,-2.536888410193409
-4.875069936867749,1.7907530860760321
-5.797420010234794,-0.7926523667164201
-7.866928612752834,6.947924636206255
10.787462261117572,7.508752958100203
10.233817894311537,-8.41018738784078
-12.503731424875106,4.060367480742374
-4.144225457446236,3.847195440145682
2.231545409213369,8.527172573542668
-3.174452939973846,8.006779258001478
14.238161307878379,2.7642314658643614
-13.944469356975251,2.7557596358081216
-5.264048513159762,-14.965845148278703
7.449593810019614,-1.1993658091422617
0.7405089260281505,-1.5149045136172208
-6.509669396470184,-13.492995868607712
5.505244898055806,-13.607857665085515
7.219627026922783,-9.63496800951064
-9.379058799620815,-4.7596153400394385
11.922625825342001,-6.746965685753524
-1.4534497700826041,-12.156527613009635
-6.188134672278873,-12.128307588767615
-13.75589544763507,6.902352363694577
15.032578404184914,-4.922193424872557
-4.611117034471154,-8.437260556432562
7.410703332058582,-11.188611199075885
10.368232673492514,7.426066435930346
2.322256944377357,-11.465898616833947
-5.403784211504144,7.068706840967087
-9.121052180337529,7.122200094269398
10.647688515549056,-10.308852135554218
6.969154639500655,-12.748449318275002
0.3818008741727093,-9.814894102757487
-9.75306277643889,-0.3128187723593532
-11.385528009151468,8.240734989930713
-13.76035081398096,5.554082160456148
-0.8914455938321689,7.1758911814980175
0.11820606381041504,10.09673834481813
-15.041367266955962,-5.362859945818764
-5.846516920369311,-5.673006520020934
-1.557132047009309,-6.0629897139288
-7.06936222374429,-4.00910412322401
6.575404338828111,0.34454560275771917
8.185737813388155,6.454485958065231
6.052254279527067,-12.889813542889508
3.6724146786193996,-13.844478181974452
8.165678377826069,13.60779648632682
9.847626132512652,1.978879385336515
4.2824582967088265,9.26521909365867
6.878870175025382,-9.356819606961635
-8.889177940346805,-4.073560782976592
4.72327329681901,-2.827173144596525
-3.209513977516442,-8.908125596890518
-12.2761997362503,4.854043492093523
13.045574096234429,5.745233664332621
-1.8357451195371188,-6.2369265468404
8.445209734866738,2.2409181984459257
-5.191645560194276,-2.6315508779497954
1.854147863861194,14.04873850375275
5.030104378353376,1.5804616214744536
2.2338919804679884,-13.498601640687514
8.796731458694408,5.064141082871557
4.799057509286865,-6.5661771035857335
4.262182274633481,2.9646740671309657
7.147477287838595,-0.9776012629070224
-8.831084565122426,6.602105264563611
-7.1098914651284355,-1.5367096326665317
-9.91173677056872,2.630281788484931
-5.88141046177334,-4.595692254605958
-6.213398320733983,5.517181315981685
-6.90258899358483,-12.135821726455484
8.59479103344122,11.896763044356472
13.813775107813312,-2.758257166022906
6.293852489994184,13.87560476056541
-5.799502488555185,13.163019223596855
-7.079301161095419,-7.82346075420035
15.214846624182044,-1.3257131669339057
-1.0368629576042954,5.882251882204195
4.77544375457568,-11.316538995888077
-3.5420623771117126,13.987392130308232
9.83871747679035,10.240928106298314
-2.651402846669644,11.950142848278276
12.978600727682265,9.207977524787175
0.8249364184493772,-0.33485207329953254
1.59824222139152,6.15295544560616
7.334728556261208,10.445602156854001
9.697840072866038,4.40437456352829
1.5687175288328363,13.4426611255545
-7.740825684378168,2.8857049081342816
1.0980217290743424,-6.568315008943208
-13.00865814913279,0.3890239383637824
9.173340450944174,1.7685328404090008
-9.75901696879689,5.903535888421772
1.2922237870540432,10.843444545481503
-2.878533396859071,12.164346370501796
4.805714183976816,4.296550666779649
7.364477383752819,-6.993369727898157
12.052266067163629,9.053071416958698
7.663031288506369,7.320992438871731
5.2359367548452775,-10.531211545284176
-12.29928579052862,-5.5623807466179604
-5.914544103567975,-6.900933615460632
0.021791116234679667,-8.720254831434959
-4.153239610468857,1.3679818969650472
-9.426011046431134,10.2134773836574
-3.9906502276892843,-9.233575888386554
-7.749814788719681,-0.050827688487674556
-15.589006875282927,-3.4519928890562217
-6.752368778299789,-4.2335358434235095
-8.43209812378346,-12.611859987812693
0.8670345653813556,-12.567632224578073
-5.696206813701308,6.4679499988246
3.3305019976482453,6.934146743558346
3.7311358840443503,-0.8247202539467356
-14.003323379188357,1.4303697889637894
-2.1571620558759035,8.693132394941374
12.950105106038551,7.784495097975724
-4.356191843614538,-10.30964417328141
13.93787770327013,-0.06663920893290295
-4.552322764613721,-14.440318559337213
5.34948857559398,8.04561862640623
-1.6789736608429253,1.4054904985855996
-5.954480169308245,-9.78074960202756
1.7947631214740698,-6.7686755108602785
1.745305346142349,14.322855740311569
-9.813916371639207,9.000450976086281
9.499462530482374,10.331240074806038
-11.24473297619919,8.585283741195388
-5.89352219297221,7.661910450478195
6.363014529181701,-11.223444710640575
-3.2620822028440224,10.415115356090462
-12.800886434097999,-5.892061603009345
-0.8964595268017547,13.493346366885957
-13.469705837771555,1.1058897056962147
5.568197006097295,10.545035135384277
-5.129576749264966,-14.48703777681585
-10.635414193367959,-2.216566808959116
14.302577107619948,-2.9074708340039273
0.500168978220942,10.725943721174414
-2.368346364311964,15.698764507243485
8.723363581268902,7.196520648607987
8.997552950442753,-10.65156809900441
9.144537127538445,6.700858299744932
-6.16456208714344,-13.62840387604102
2.506742936998565,0.7049858040033894
10.866899521652678,5.741276049389892
-5.389499938771444,5.598149913065157
-8.30944767923614,-3.2049551828784786
-7.784020185395187,-13.81172003789623
0.9720245566099031,2.9123544676025466
1.1503148844705433,8.20822249375852
-11.873807539856012,-10.701096027115298
-13.348106845518972,-8.69206614548375
3.5437574292554332,-11.622339591270496
5.074383001438203,0.6562300707230646
12.228961366145693,0.9539066051153796
2.700657874742625,4.9456950064891325
13.394676857006079,-6.058009425603804
3.5304537398752682,-7.015478891832747
-12.455631392925802,-8.803453759241942
-2.1806917102924164,2.1733042078987337
-5.8644505800503,14.012690026940998
7.7878950599303485,-4.4041846953432
-3.9158273095266765,-6.866083428036228
2.1155405080110614,8.728895437263036
4.309681079483547,-6.984781343369005
-6.131700998723481,0.189488180659071
12.419891649686802,3.1078003346419183
3.594438759344686,2.758906740211897
-14.359796244855996,0.6566104489010519
10.691974760074759,11.837472321225306
-10.33430323982062,-4.910093035440346
5.45325725738671,-4.100720379003139
6.9207325122379855,-13.945732641851864
3.524327592051406,-8.45626689538506
-3.0256912173048103,0.78833615092169
-9.471379214017954,6.912524003391088
-12.922360184869316,3.3504505131289437
-15.309581984493276,-1.7405392701471767
4.845359851922748,-2.638699011805962
-7.997603685500741,-6.8936964346829415
-9.666060696126936,6.015978669776702
-1.9574511064491016,-6.350595659000643
12.443670890143364,8.28944588561867
13.530876310882913,6.423026396067435
0.5114201464292772,0.4199316719605909
7.447602235973918,11.688954931235967
-2.285265642154105,15.470707175511496
7.374461534688023,-3.2462435672347545
-13.711162924460579,8.164440734317324
6.433197551973026,3.573007814410427
2.709687441347794,-6.183137298004471
1.916572099173535,-15.525142401637638
9.335734510762936,4.187695022964599
-2.073195557685509,3.5991850118460604
-2.7408812336925528,6.684744347242124
7.55996346659189,11.014015473867115
-4.894333122371854,15.134915743193774
0.006046745660506149,9.744696277738578
6.525342493546786,-5.9722529489428515
-12.647578582292626,-2.266110815274832
-13.188920532957198,-7.888080533822051
-15.26014273648429,3.983501619101208
-4.307810511635574,-9.836647444652444
12.402424037120655,-3.9729670821346508
-0.3555581938545717,-14.000865263316705
-14.468322983020125,-4.189369762381606
7.345086751447318,-0.5616126938824656
-3.6757971116944494,-6.758415494530979
6.43641716107973,-5.5519865462480125
-10.086000403464164,-4.508165173977305
-6.847602123543259,4.5500477661284195
-6.9575150320907655,-13.194547718702724
3.668394592018144,-2.962165013252789
-0.9803171414591931,-9.773248256363066
6.791804417584619,8.45970699718289
-4.224851446258874,-3.3474325255560715
-7.090619974765284,2.76085717971902
0.4620788755760859,-9.570263952437552
-6.938919067170278,11.994790687000707
0.7935560956358673,-9.853645292779724
0.6560329496411033,-3.957228262620273
-5.539080681572343,-10.85691309817296
6.761721482871514,-8.270551546861498
8.451236246795846,0.13985625141543861
-1.8188865607216242,-4.766450338658771
6.801004379105872,13.638232946527324
4.192837728672729,11.401216731065425
2.1887210540558897,-6.181854946582143
-12.47782113853116,2.526124478837407
-1.371064422798013,-7.830225013013578
4.9140175849938785,8.10175175050851
2.0552361473533343,-3.5776104222685112
-1.6736620872442303,-8.949419438712034
4.751382489927566,-0.4831552093460657
-5.373315965334418,-14.829101288993003
-2.2022570402786377,-6.645760250552524
-4.512368171032512,3.686450075288494
-10.393018924517207,8.350548377707598
7.684363497039721,-4.544890456573033
4.904619213418354,-12.593424780398248
-4.008777800390178,5.514203193189792
6.3794000993577455,-10.85476775376827
2.648814615976725,6.58817377194301
-11.606363789856292,1.84439593142908
-5.508718384910063,9.34953578937594
1.996887505558793,-11.39588847495191
8.542685702929544,-2.8002854561572565
-2.652885417398633,-6.448187512530759
3.891018924973339,10.522536297551436
-6.670546657231984,8.313767122939485
-13.599029383264408,8.258552236557872
0.89216586198586,4.614076952936307
-4.893338793094641,-7.986102289018471
3.021965610907364,15.63040727979805
-8.861355997907037,-1.8947677464225425
13.976478522971927,-3.6846865915281293
7.719582357027827,9.697281623607761
3.6561783598393682,4.539425630559855
2.52960960139219,-10.754112636690278
-4.260613082923416,-5.549242825726637
1.9174181307353875,6.887563439688904
-1.3241162045925765,-11.746638226238318
-3.1680103037716307,-3.7043839435121857
-5.527168421647468,3.457775417896946
2.2956213513342103,-7.345036520580105
-1.987625529459811,-13.065798700773597
0.8838941862173609,-4.198131410468687
3.279774735562908,-15.096328467022659
-3.2033123336285416,3.9861230933942933
-1.1442469422915569,-2.4416103980464996
-8.218704348796255,-1.300418526745673
12.325608085925072,6.451499241880286
-7.032646191256758,11.219501502131775
6.476001464320495,4.062304968291162
9.465357258596029,-11.0731855870837
-3.312029551870746,9.215457792491735
5.069740973105354,-7.691591629265908
0.5151373898120621,2.1505245715075363
3.3638205053499495,5.2123717899874
2.0234309083203565,0.7560042038760101
-7.888875733075287,12.770304360934277
3.855207337651948,5.327348960949555
-13.962289212731157,2.2149731185833486
9.613283027923822,-1.8448330273460933
-0.9727622144226075,-2.8361931413725348
14.029631954283856,-4.788784184725783
11.773872338108639,-6.275752571450732
-0.6524270180136731,-3.8493147391682423
13.784037240650873,1.231712431753922
0.782637453290728,-7.078472921305181
-9.68200607840805,-9.849324334373105
-2.5067425794892637,-10.02680262849964
9.966398263023144,-4.8505502676991075
-12.442020318238693,7.455427158808171
4.547056007530369,6.8821247217425325
4.187142604434396,-12.770918789689688
-9.906857798013116,4.749306037804865
-0.5940692123592852,-13.833406620075715
-5.1748662665636065,-0.4423816876167662
8.56516707884138,-13.450680511187684
-6.710580192884193,7.630505053164674
-0.5170133008416288,-15.63108407887941
12.01478436766738,1.5139508440193987
4.245096507923148,-8.148769242910127
3.076485378719988,2.991976825778283
-4.659522686466772,8.191325749356475
-0.6358326289513667,-3.9342895927650123
0.8750942668616878,-0.756622337941569
4.072095187701784,15.157596302530276
3.0527466913719596,3.0424965738472114
5.516089705315015,7.775376850144027
-15.722317311081426,0.7347798923648581
-5.036440023163937,-13.820682572958315
0.32446309947027296,-9.781838098658243
-14.816612812395325,-0.4696536695122206
-12.478874261268233,-5.186932994971945
1.284969364817626,-14.064886116750618
-10.230987325775033,0.4262094994977764
-4.2266941855639,-7.2833781681623595
-4.808229765003761,5.683167786488271
2.569510980112955,-5.499722007357036
3.0923855310286297,13.439523627765455
-9.25215053723523,-6.067385800536882
-8.679344546234969,10.378917392802768
8.617052989176004,-8.712848722623798
10.645597290305805,2.1878580252805737E-4
11.38233411882536,-3.4035216221747526
-10.12743139285469,2.1912883892489408
0.3290021384764593,1.3879064630316804
13.494606713551132,-8.285650165231921
6.759908081181311,5.932351195432824
-1.8166380467949037,10.68856196107899
-15.443966439850751,-3.0664372774808557
-2.180962728964158,-9.407690465146901
4.48787414311031,-13.424418877748462
-2.6351894688205904,12.48181417440261
5.926633095562431,1.151247000923659
-6.551451601976727,-3.619314326699615
8.481122374106278,3.175016483396128
7.3936628146869685,12.212576707410106
4.592372898518075,12.570600811601173
11.590391073213876,7.067874453673427
-5.639558395231898,10.249260289125019
-12.724775463320693,-8.204480684084592
3.1248826757742423,13.436869413996005
12.478711487675652,0.16582400924371685
1.4539220717516048,-5.0943960952483245
0.9354825531497339,3.90239234352832
-1.639454544305224,6.648327687149725
-6.189892677045169,-11.921845170866252
0.07551768281607264,5.5283312060517655
-2.2613360779370493,-7.498138897902172
-2.000404854615909,12.958589372460821
12.053890493236988,3.7637977572861114
4.440005465015249,11.122861429811296
6.584146906941609,2.9343016569376155
-8.983433903524395,6.5840006039812
-10.222350997520635,-7.39192027280059
4.6414207418854545,-2.58392674916563
-2.972466204773505,-1.6583858074077653
10.892426651017868,1.5517158985150887
-3.4393145619616865,-13.789306390538421
0.604717504996525,-9.68655848453596
9.69621053123503,3.737252413259707
-5.9799780551255735,-9.119663217339406
-3.834419325099501,15.507443427875167
0.03131401741324794,-4.407779752774745
-2.6825255805597377,5.256880240929104
-1.414066015326578,-13.75888339605751
-5.5233725997927605,-7.166166040469407
-3.817000083474345,2.4955454533780697
13.132972467201272,7.218484445407919
4.592865677731609,-10.448410503193385
13.837292562486315,-5.323379979103969
-2.4919770523405127,1.9114058827488125
-6.444454384720558,-1.988124809764496
-0.5506753801233302,9.655525487209502
-1.5277778977497947,-6.217702993459775
1.0041497099096113,5.16265899076079
-13.335933691914901,-7.3408475000125595
-9.493977802064355,-0.9811918084938733
-1.6307327906356068,13.038160573057178
-0.7587130023044641,6.227769504909246
10.734932392881799,10.224607805545947
-2.5386111461057492,-1.3208658072923538
15.359971850820104,2.259422531386947
3.3593626864087724,-6.208155747366057
3.031751209759857,7.909554798275191
-0.009794701599654388,11.560874213190283
10.644873582305795,-1.2103196402675773
4.076338209368865,-3.5286981556399963
3.369605100069942,-8.926826205172691
-2.69832712317961,13.093935964741403
9.430863314946045,-0.0698263259502875
8.789788010948369,-12.137542914139818
-1.7343799364763104,0.13817106744968702
-14.515892845929448,-0.7097994533519257
-10.938522959388326,-1.7400584229589662
-14.008903256399048,-1.1503194383257351
-1.1774722240118667,12.187631166772363
-8.927857132794877,-1.5129911588709326
8.658260565774174,-4.953855950008386
7.061781178212911,-7.363630670594178
-4.372841494753896,5.06695104811748
-8.203054871504303,-7.856325131489781
-7.411817711947224,-4.043975729498961
-7.498446926255319,-8.355039888245843
12.705272087240422,-5.315972742519202
8.3082803560614,-7.109823225914527
-4.72700045779498,0.6802079205402566
-12.692704494168957,-1.9848162483940104
-7.947355972904892,-2.7813225211794816
3.1989161964088084,-10.093114388638122
2.1803195976553558,-5.764855283489926
-1.2082555526730288,-13.522422442428713
-4.838611208737758,11.533282859312214
-3.2326611682643356,-7.73097998060767
2.911381050483468,-3.5059903785439905
8.163280596597025,6.680476637598947
1.7817816295496154,-12.85887826485058
8.979953395990673,-12.869429668333876
-9.521358652763041,12.039652380912779
7.112864245302366,-4.41933889181829
6.130810536603129,3.285845411910874
-0.06336096628624731,7.948886739396067
3.7271106954790985,-11.947801229824103
-4.083445109896344,14.989944900643053
10.429855626626567,-1.1024107595152648
11.959338718458717,7.538193608316563
-7.134245690607096,-6.289272034848849
2.2195785010995355,-14.703895905405325
-2.7013231048499495,-2.9739882294934317
-7.948661289899737,-6.441156472514372
6.715617702377574,8.510061026790765
-7.610018067544201,7.96679492018628
-3.5321851111214713,10.05102988153379
10.930840951986864,-1.7966227086129813
-2.1925347016311765,-13.133023420576842
3.3245257646385356,8.547824756469316
-4.889114215111449,0.14801665465434705
6.020015660333158,6.394873294305674
-7.653006491339991,2.698269780536932
-6.510359169053502,-4.8968449880327665
14.056275895715645,2.6970732621337348
4.02882445724801,-4.22081597828102
-8.043296916160353,12.753577600211576
-2.5812893008400293,4.293744488985632
12.906156605653466,7.567958028259644
-6.952544766027765,-5.9495576266910986
13.474333268384761,2.5237261592764693
11.063993083650159,7.787977219408179
-2.9384542568715237,9.572573989508772
-10.50435819962082,-4.578210627713822
8.925718048098707,13.027277541233467
-9.256443904425813,-3.283196340756264
-8.005802431967389,7.68466096930409
-5.121428909581819,14.678237540544176
8.491779755156848,4.394110117085194
2.871249805634249,-12.856817641688616
10.51497473992426,-11.812722421739908
9.208298461497769,-3.9055266069905468
-2.618291318817731,-4.554483558069029
-11.414909896422515,-3.284983215748077
0.6709827682708479,-0.20415253553312293
-4.732339992704199,5.497749467843618
3.5425639095452457,14.673509142134767
4.892215473362886,-1.965596369911792
-8.467331949704077,-1.9827414155720902
-5.238653990386988,9.242015760485387
-3.5614945126708846,-13.566572860647677
-5.76808235642208,6.945667510039746
7.758834404350906,-5.567098836538198
-0.9147263230025375,6.098894516615118
7.760000557779112,5.6530015750531
2.2523187933298865,-13.868539286063053
-4.411081273656715,-12.77908138506142
5.164489181552275,5.876795815388863
1.8861474271487206,12.428555527955021
-0.5158221391766679,-3.122797564678534
10.564086537015132,10.857225794932528
-4.5512648961289655,-10.718602887530418
-15.167803773415564,-3.016550878785023
-7.561709771744113,-6.4020419027086515
-15.248197793329377,0.5950073245512129
14.754461658763041,1.6268065249847583
4.225748567248782,-10.694212742765139
7.746232777103695,12.157061663363018
-8.59639291940032,-1.3647536821112158
2.573999086766544,9.898322671724053
-7.191784292357256,-1.1425808809209934
11.373288987448117,7.768179536315682
3.1299334925450917,3.557595775047758
-9.236218593645749,7.864290173617381
-7.300784395213637,0.5500893713045519
-13.112675011338267,5.013775855717319
-7.401532171077974,-1.4468740063619143
-2.8231178755114974,-3.5085827805966057
9.18036612211964,-4.194897255499687
8.949653579910771,-0.1024732463641986
3.4316926334189652,-6.944515482419103
-5.8102683898964,-1.1541659817768652
-0.5851214012586636,6.374780299611367
3.260171196244747,-3.9531887136414197
-8.140119272328548,-3.0159239637140964
9.147425208197754,11.55700103078761
15.212397345172654,3.7161317212641065
12.754970164575472,6.702318242588229
5.864969287151733,-14.045431389497447
6.300067905339396,-2.514347789707396
3.199523606313264,-1.8617486384196718
2.6434682145460484,-8.308495632168356
4.758923894576574,-13.749067553239675
3.7168988273658368,-5.292241239849504
-2.082405690754259,-4.2637076291336085
-7.691574132534337,-0.02606971322879748
2.767799704911584,2.10082822066719
-3.551905199849655,6.2025030379184765
-10.437651419982952,-2.7799235460233374
3.294496449944837,3.954561927641679
14.114067433162019,-4.509601339296609
-10.639074831955693,6.025339788845641
-7.334291577532432,10.808137128522894
-8.209586128335976,12.437408792209057
-0.22204529302903891,9.590839329485176
8.9151691382472,-9.229831069437914
-3.8694689452619997,4.401358481846211
13.358119471246859,-2.631742740443595
1.9845930385883703,15.561085120435914
5.011216042154916,1.4526806248435047
1.819821031249771,-4.3578314876870206
-8.89543245859103,-11.20678543519139
6.4987660407823595,-11.537262771957254
11.272468286062097,4.911196256266524
-3.1670827217225774,11.30085857992635
10.226924804499264,8.968589434384366
-6.419858142132969,6.926085685351989
-6.789555912700262,6.226123049777704
0.4146512723006506,-11.38730024383242
-9.293234754608845,-1.9165151096433335
15.471144997532496,-1.0784844674958969
7.554666546852392,-8.941454128164043
-2.0242729016513903,-15.373745060179598
6.3625644439268045,-0.4563263755002477
12.285859419314129,-6.383744077849802
14.15915327083742,-7.145568567118259
0.836129843144596,-0.849802431116969
2.2341690015590396,-1.135653655018189
-2.2235138133504164,-3.8240321252495377
-12.990428933734036,5.161228523610156
9.19125890167099,10.157107632383944
-0.18341142744525868,10.65399266654641
-12.12548833045423,1.2952085972722502
-4.291596589062858,7.114615710705961
6.154651132308951,0.9004437768067322
-1.873705352051631,9.954501586574313
10.964074337326267,-5.433148717194987
5.631208039886022,13.435583342166844
5.657432669344599,-8.371465352361199
3.038432424035593,-9.880442263330647
-0.48831520367655357,15.217265540167155
3.8314322083809316,11.81023151899308
6.5321054547392166,-8.977758774845416
10.216050482610749,-5.415011217209256
2.1871642546835086,-1.2116240938248928
-8.573942166822635,9.357139333922923
-7.054251394177743,-10.457883224816023
-6.075184825665657,-1.4936847707114265
-12.79106505905251,-2.592158513168146
-0.7145758703862652,-6.135203806199025
-9.002593461874815,4.381903617995317
-7.300435099397862,2.8468687725862196
4.825819721844542,-0.919245927737624
12.091777213788136,-0.8550427217094997
-2.8437366837520055,-3.2622253468003506
-15.565659132814416,-2.8233069600554948
-13.196650115454537,-2.7360764267939994
12.08988309248834,-6.6988252707237415
-12.400611712890335,9.215607946601208
-1.9417963408572743,-2.3720941187449234
-4.382380490099762,13.026386185514923
-5.479694034486934,7.823696817120489
-2.0686950661461627,-9.28301290113022
5.729288495757688,-4.874322996340456
3.5980466545165624,3.660546660009962
-9.826703539462265,-8.395254225634956
1.6924817793267017,1.5273497055721432
-13.059450641383762,-6.342525625072424
10.579698129095293,-9.401409486908772
2.637052243189921,-14.23521482690306
-12.23899754285042,-1.3032349657983393
6.554730501321146,2.033203104016667
6.8779745267181704,-3.0488191984127293
12.361624816891515,3.760522188479908
-3.8447042260791653,11.292118117176125
5.343588842800583,4.914480006864441
10.729871598538992,-6.4882390897117554
8.605922167925312,5.720968494550486
6.934189488228964,-2.3606183139495993
5.731660856193973,-13.405358207516658
-1.9858578359074244,5.421744243348118
-0.4916864579092086,1.1196396374749829
-5.82260110161131,-14.496771567534687
-7.580754578661146,-11.339550238056903
-8.620237280994356,4.992501460174417
4.442162214453264,13.449294053375535
9.058601045734767,2.3098857860168174
-0.4495109149509211,-13.393922622687807
-5.473227409349108,-12.750512826178651
-2.5200304407107867,13.61593596633797
4.789371303549987,11.20874193606668
-2.1125994313182987,11.981577885792978
-8.317902622056799,0.5503576188586413
-13.421979031963204,6.827204824486168
-9.894621524606722,-2.9821111431147274
-6.57737414925879,9.931639294185725
4.958858375354297,-7.4743158381310835
-12.641361414281862,7.394397898023206
12.187699821513661,2.6267754498199167
7.485610147351906,4.212602792985433
-4.009878662054539,-6.50986944574979
8.389517095732504,1.520208876624522
2.803413004113253,-9.784912691984037
-6.759857248516925,-3.254048246716379
-12.240571571823583,0.33529891820095653
9.522063336796721,8.597533721984899
-13.82766337864158,2.25461039616901
14.75152859935649,2.7373895311309924
11.318773941093065,-9.194672982191848
-12.712360751435861,9.536928130215166
-1.6420492143661958,7.177511830668377
3.086316222677261,6.192712060355546
3.155810815171661,-9.575338389226081
7.57092531805995,-4.135949325852921
-10.00149270911902,5.8526876467659665
10.833232007588183,-11.774006520796767
-4.993358834857852,-11.467159509075328
-9.52179678171946,3.5165003991556727
-12.93414895450404,-4.939211421587972
-5.132876270505559,8.824346622834655
1.703155182049766,15.472066304891259
3.652841895558009,8.767963285893353
-4.988706296580282,-3.9690312585745575
-8.350485773482978,-8.09781655890788
6.353389163847334,-8.621452091078218
-5.90467316430897,-13.905531599589185
1.7485421806731791,-5.975624356370252
11.261302436979923,9.142802275358465
-5.114632183740539,8.58821032728313
-1.9551418088611496,-9.675940521157042
3.1137180909207474,-7.377399333368571
3.743765557910377,4.940660145610362
-8.268508806212106,7.506000309065463
-10.124978550928876,-1.7506705498163653
-4.457108242125674,-12.247351860420396
0.6420091009186537,5.369489344143274
4.640416482055705,-5.886488894215539
5.581759766943339,-13.116749113921873
-4.642015620955458,0.04624955282630545
-0.010186680657456147,10.190541023630857
4.852126786902474,-1.1288212750668831
2.6207989890518566,13.778172159154938
11.352501602734309,6.723811138462998
-2.473328960126256,-6.341944884237131
0.5465941390383323,-15.338854735436422
-1.8950336563572394,12.3296405619335
-10.823724785126394,-0.4085813585287016
10.11017335526279,-8.978694826757373
-7.449540998033199,-6.0601866668146664
15.384399497583734,2.575007378147428
3.533876776618269,-10.136939789802742
-8.896394878000583,-11.537515252197757
-8.431356949232459,-6.0506678568944245
6.156645636603762,-9.709265361828574
-0.045325421168945494,10.192912463193698
12.01436109699428,-8.814613567947918
11.242962913009357,-5.227306487186709
4.0900783334096715,1.8236985975321518
-6.577038371281621,14.056502372602182
4.258087343094432,5.615906953428791
6.6325095163221075,-12.903906093674037
-12.835176254864072,-6.666309651512683
7.675104546267978,-4.942388150937203
7.393146215353308,-8.515162162883131
-10.369372754576748,-2.4475923409088813
-6.851146745106136,8.09373322241151
-6.991624511215476,-6.5740167194179095
4.04243196424562,9.005840911503164
-12.177524292395942,9.288433171886329
-4.329584163899094,-12.54336576166623
1.7996662473302942,1.592026946750691
-1.8100342375483505,0.5311835814667158
14.428464197082173,5.069265168192083
-5.1700610843211,-2.234237535972818
8.035353281191536,-12.263509326804172
-14.163153423363715,-3.3510171221666076
-6.903285978445822,14.307335664574401
-4.331855221991019,7.7524538987140446
-3.3495141390625895,-5.453153224377772
9.766200812916605,-6.203813272705115
-0.8119536327980265,4.042508290091083
10.546977693923013,-9.136972436720317
7.224382925632705,12.161435111378744
14.698913364821319,-3.5307180377989256
-9.152762370204671,-4.084982228068592
-1.224152932263464,-9.107880449027983
-3.5304847990371093,-12.09410054202038
6.890555785382466,2.2773372284953166
12.81432390190585,-1.8706086673742361
-3.768489328664213,-14.23332196894067
-9.112984522404396,2.975607198711057
2.9619190265444657,5.754424854771289
5.611051929096315,-9.13164074411073
-6.00230967161171,3.7470478942887926
8.221335081843947,-1.7242535327351511
-8.903279915548252,9.737959486853736
0.8733291212520875,-9.189681619072903
-5.3144221848063555,4.1700071466357205
8.324280648987983,10.258725022457549
8.769325535589502,13.270391353191929
-0.1711607734402877,-4.3816232305159755
0.9331463232020717,-14.309509265490297
-12.59949017372755,3.6456368475695076
-6.600033068278084,-12.997224298973867
-6.393299733150882,-13.67565184276166
2.9738151453034,-14.67582506851787
4.809269825356414,-2.786883968853728
-3.311525611598864,13.262359454899066
7.491071264156185,-11.574367575908798
-2.1539264771768147,-0.7076233553632809
2.5924077487441033,4.863225751059584
6.03391169782793,-10.935830030846457
1.3694790075394132,-2.2747592560501437
8.273249868025646,-7.888521428128863
-7.33497460401719,-4.565178317704785
1.6177809380853634,-7.73445138957971
6.7242984194350806,2.436248774091729
10.372115468303301,-5.60898715491106
-6.941460421093535,11.346172764665049
8.941729318820215,1.1385049036086052
-1.0674911638578497,-6.363274318335128
0.8808433580321379,14.503397772523966
0.8427009318357271,-7.105818344640306
4.1792112316529835,-1.5600451923838516
11.066137034811927,-1.4560447394656788
-3.188452440098673,12.060789404701424
-9.845119350128192,-8.23142451270824
11.064633888280396,9.72230080673529
-9.084750517244556,-10.746986782686655
-11.471818049833088,-3.1640076116128975
0.5819323162248579,-3.382217990299648
-0.9955299409304103,-15.08901210299919
-12.86946206100608,-4.6443041741355255
-0.7382294712508486,-3.297316280628245
5.774550572642191,-12.388326002341913
-8.781322722814771,-5.236396420574905
-1.0567118102283855,-14.060924108172049
8.433691552944117,-11.993681325108533
-2.5593012266697484,6.4655353404575955
4.119127000445288,11.816471164708407
-5.217175966777285,-5.704351725745339
2.930578331093485,6.159509730685682
-5.815849741532583,-14.363563390175695
-7.459176449206995,0.38915473801611733
1.5157861198961002,10.499661176944835
13.029483417542938,4.7904218247679715
-9.010346446634259,10.794311106408143
11.416447410488944,8.351162939499442
7.575499032181506,-5.27782888867206
-2.737472510139441,4.192465835424502
5.11282070514367,2.7363919019955434
12.838853852534148,2.5836134833294864
4.368434766850267,8.081765536253616
9.451386725785715,3.544763473586572
8.982376455935196,-7.051217620637945
-12.965729573564825,-1.755437190527567
-2.127063450210828,-11.812980810099347
3.217343453932124,13.197559995507977
0.9593617727311246,5.003717124769331
5.798408432454339,9.353026807342232
-13.269736149095168,5.291388746721698
5.2793256177471255,2.2667544223042535
0.8939971781858902,-5.65965084779528
-6.924920815305845,-9.893408790514632
-3.5187526862590297,11.747173474155613
-1.0538485535219886,8.307970929254605
-11.321414617203994,2.7922141969273597
1.5898502964369563,-8.04335469376146
-2.0105104325866985,11.06624245381612
-5.742839913573853,-7.609262555615518
-15.058335777784258,4.840284142322197
-14.40996386351071,3.033051135173276
1.0047996358886349,-10.405001167371571
-11.839301746798437,-2.46840713540053
9.670756588368366,0.8286303561163288
6.847377809011256,-0.7386466815012516
10.439393635418972,0.7447797559797263
10.162964603369474,-3.353519622087061
6.534884702084556,-5.636194365268694
-2.6742222207387867,-6.403139476070795
-6.463689848282179,-8.793133310984096
12.214018193182145,4.43005668901792
1.6225940855006138,4.978425404374829
10.852711005584196,-11.270391894855422
-2.4179499338356956,2.6357832964629133
-6.2640182606170995,-4.7784499539044525
-0.6702754705186048,12.533785792933731
-10.901945353319215,-5.5707716814823955
5.699284295677117,12.577670736814547
-6.403673763824429,6.1285274689642435
-2.6328566837972174,-10.821819149890958
-14.313675891297619,4.762854244004565
14.13306053919822,-5.063665698665201
6.534008463255079,-11.040167477146296
11.886898785476834,-9.369490139122636
11.443679503914538,2.752069664456925
3.3648953302426277,0.5175341870395075
-12.609196723115934,7.5250896557868465
-3.085545668609222,3.351890076021503
9.372353021959846,3.7280270240968494
-1.7199303014299838,6.301071423585629
-0.45892579873599865,14.448993014160683
13.334515893861456,-2.41085607180958
-15.295613990841742,-4.482715249793677
4.641832922153728,-6.469983631340744
-2.344444031752924,14.46445710800774
6.615055833032806,-6.495073797970378
9.490663333261205,-5.539677495472767
3.0697625236718573,3.2504818833260516
6.553791862513927,-9.110514339331637
-7.417748951181759,1.229164551096619
-7.559379081219166,7.802031019880675
-4.326524584916284,10.259122801160212
-5.895559246412147,-1.7042486984449254
8.912188784569858,6.388068831255764
5.957448804100217,11.163832555569446
5.497018697877953,14.466406676771916
-8.318587337692502,-12.229970195252541
4.980102087866536,-4.032787286558413
-9.090030910841834,-12.414395485096025
10.020059784465207,-6.799204432808346
-14.041003005605301,1.2411541731510072
-6.544608242257388,12.928869743477373
12.640496193500924,7.015677321908595
4.319768151149443,15.204184893029172
-7.987137814024585,-8.568894937568961
5.099669293059249,11.67555780283415
-1.5627757675908531,-15.198480978869085
3.8307457641949934,6.77153947959613
-1.8157982058002407,-5.24949400742167
4.5104394103087895,1.2127131806605498
-3.9841731882265785,-14.107526463403689
-6.22550490769269,0.4053274013009459
1.5050294166660052,7.085464860857964
-15.746507718857467,0.5917923836441011
-7.183233362458081,5.449186223533102
4.497620015719432,-11.644796832630899
-0.8797227541383277,-2.938217386266272
-3.2315219204137944,-15.480291408060626
-3.506690772472879,-12.843522723216827
-4.170933631862446,-10.116738196896147
6.859873018187775,4.229968515414676
6.374479897874957,5.406930152481982
-4.952371914695796,9.441297417941193
4.96582731588047,10.456439990493363
8.253685497469144,-0.24566766477131285
12.539482949078815,6.646843943035376
-3.954766100728517,-9.511344114499305
6.4018042162168305,6.934181793901099
-3.780875799939948,-2.636782731316454
1.755779773357246,5.541201282724253
-13.26718444343094,4.376956343332801
-3.008126854982005,-3.740486710969083
13.452745692770298,0.09240570668192655
-7.6043810970068,5.86511629555513
-11.878575946014948,-9.41298639369449
-5.5641666469177,10.404080623125518
-9.367481989934776,6.018729392832912
2.110137623334763,-15.756594887341198
-14.038456032871121,-5.725688535799793
-1.3678521918437843,3.450955810306497
-2.8167296487384306,-0.16016680546803122
-2.901214165992356,15.580933501713503
0.7247366870842445,-6.528801928592721
3.778639855802424,2.125231776157714
6.021505562388553,-11.06356753598048
-10.842422116226784,7.119570106874934
2.1267288753633484,-9.042892800884838
-5.225752016182723,-9.262504361028398
6.166767024166084,0.9791246505838606
-12.7901973179467,2.67674841816485
8.259136111849966,-9.890034375712371
-0.9843905416813439,-13.325521261598444
-2.144569384849805,4.586243976841688
-0.3497894075201327,11.607017646030524
-5.203166033200811,8.041024551335099
-14.254095354421127,-7.144049750469288
-2.833058044733453,-1.4271176507173775
6.951051464180918,6.8836281063145925
-13.148649698131655,-7.221073949867551
9.616827295260485,4.181332243041799
-3.353267039322354,-12.555970273154971
0.3636801242392888,-15.126063039825242
9.566069006893715,9.149390155194387
9.89860685081554,11.221919158642736
-9.216971890769925,3.4238827556043527
7.707507207479338,9.858072889453
-2.490482819332963,7.170086469747692
-0.4093896148692927,12.207716513615967
-12.947695520659735,-8.389273431884646
-10.647084472169583,-11.725286469906393
-7.620305834042696,-5.804716584517711
6.699201251554647,-1.3947613697846963
-8.030822926213718,9.148846302673519
15.15191552010039,-4.324803071833081
-1.9041410937712597,2.995797033882634
-13.663719338952935,-5.566676316766913
-12.760116808021449,6.648734472889298
-2.8347353900944112,-3.978502967519367
-8.618597789509938,-3.6261296705212525
-6.719505255549511,11.896428963616534
-8.079608483434553,-9.898221424519617
-1.7675490295061087,3.2186378957163306
0.42251963316873803,14.82091451593361
14.249593667644143,5.739692086487427
4.96403330099689,-14.615403056485693
-8.74258204589582,-6.464470888034381
7.138339694913901,5.876751285902706
-7.394054454405839,-10.093613579019324
-2.1390468292786795,-9.030795901552331
-3.0713633330340415,-8.58887334423012
-4.80056929007316,-14.620877484566012
5.627468694339845,1.6960844131307338
-12.792980608835014,4.857396308604085
7.015001459195335,2.6246190594111796
-8.810121560815071,-1.9870791711848457
3.3718684063815063,-2.603795726588621
-4.373662290487008,-7.54979783072987
-9.313996322123709,2.7456382786372324
-14.368410639137196,4.225175910532263
-12.399330132676482,-3.9532740596842015
-6.896777875146887,10.44604363536571
-2.7456606468031626,2.4699437477721524
-9.109433330967098,0.8695792626576163
-4.06771175866694,4.181550336752834
4.0801668030758025,9.017516520660077
1.1591160787628976,-3.2546774306533983
8.035045786003666,-11.420264834182788
-13.623501339293137,1.1340363464839154
-8.24046932385378,-10.548253440433642
-1.9890729829302467,0.04505807726250969
14.253956021233734,-5.8753368928399325
-7.717318960011886,8.794207224304579
-13.954496484915197,6.813009885436522
-4.24660540464212,-1.7751859380396493
-3.509700881289726,3.2816426755079227
9.286920691286795,-3.373967107274515
-5.876541100469382,-12.110526493588598
11.388487050670962,-11.11089212702349
-15.496259363829413,-0.854013425691431
5.407287035363585,9.087462529350214
-7.771752532636723,6.630156880293796
-11.80516031679377,0.2651589482064414
6.143399334926549,-7.019757345729163
7.123146326192694,4.037345758909457
-2.7241990060396457,-9.621682296584728
-4.8164414811340395,7.621917546566746
-13.690729216492057,-5.839792527653528
10.336066713825431,-0.8363584356015851
8.820745643278643,10.537775336256553
-7.907781703508235,-11.287492299736432
-7.0908073307895805,-7.91935423147463
7.456578834851225,13.69646641212726
3.059556548338834,-4.007969385935698
4.65327639063982,1.6747495637738843
-6.633276239488024,-9.747830606690002
-0.3404563298666952,8.279218157453533
-6.6448343860965275,-2.941327584475732
0.9199456912469163,2.7384017230527986
-6.08721126866328,12.273013855485008
-0.5099936365846414,9.017810499706835
-1.6581792012867034,-15.36531167176429
-5.715875013943892,11.182609797415148
1.1537777329916676,-11.636562863242347
0.4564350046513594,-2.963452390066555
3.257735377504061,0.3502543687601871
-0.17900983700721804,3.1826982658850587
-3.412628935261371,-14.702605843828442
10.315069982017539,-2.109818066709922
-0.6318204389688419,15.893606819146349
-8.336263986303788,-7.326307310873056
9.955226367858007,-9.23553121479768
-1.5334114489717374,15.078921991429878
-8.342315326419184,6.022122448061209
-1.1791898184803185,14.067805990052909
5.66274189620187,7.125445213182551
9.528884592598704,-5.7253377276446065
4.488574276247928,5.726869951269697
-7.520646267598656,12.897159793346848
-8.489301251465475,9.435951155651084
3.042161404762872,-8.092648892093797
1.1963154745090636,8.127578697500736
-1.8557362154708397,6.789502992114494
11.884714151746637,-1.1413937049109812
-0.5921583397700017,7.9789327947953845
-6.538235824591832,-6.25257974506432
7.889596940859658,-7.667356862082235
-7.743247498244481,-13.839462841410974
-10.234843921758943,-10.493459615511503
9.548302834963193,5.850953585029512
11.32221321227826,-5.1879823411476425
-1.5204651595650922,-3.924040981322579
10.404834275542058,-6.970278830661713
3.488868830142753,-9.367811860911477
-10.404016898550442,6.204419203014038
7.472014070847674,-13.821108717974374
3.11646308057434,-11.461843441445797
13.920142985885388,7.448060787838753
8.467207541852304,8.626419669978771
4.504409025619173,-3.0666708563370237
2.3762885784370793,-11.971215114155667
-2.869671092749719,10.39766964691588
13.238840371265416,-5.5625499308062025
-5.339611716686454,12.441562009508445
-1.788151449148238,14.410598622351339
-8.25466600987628,-13.294639897935227
-12.37332862621158,-3.461194574982348
1.491574046538968,1.7004140067902676
3.083888833789065,-9.30989064454368
-12.140322167372927,6.831118865139855
3.7165050653338674,1.3713698234203477
-5.872020638850673,-10.314652096536419
9.066118173542403,-10.057805455957382
-8.114439447353433,1.4098548445354468
10.984015480551676,-4.881852553166245
-10.556086266709704,-0.18133692980031643
2.3802763254551635,-1.1872347740057247
-0.5763589274277012,-4.832403348236111
3.6626192148107735,1.4422188706542072
-9.787083968434256,1.9679233916621544
-1.8168339089116199,-0.6183678423615085
-13.784405535093404,-5.964255515918488
9.231018629631418,0.013168365305172637
4.45870290880586,1.3606167515007141
1.8039925043744174,-2.095204887616309
8.56164706417879,10.637422929059085
-0.9873347580419414,-4.472912995196676
11.48566973486507,10.248986913137822
-6.859752487534017,-10.056864732026087
-7.848289709007315,-5.606538718195112
-1.8644847158677358,13.440068710864685
8.639920180571984,6.73823779804064
8.694523247477955,-7.452385139207094
-1.4947991171010377,10.57352899875681
-4.843049700572462,8.193813228810026
1.0578201118241894,-0.5379405194254036
-10.32512594087162,4.013992024233065
-12.293256748864488,2.389323281683904
-12.920168285720866,1.8817359034168668
-0.0788010604702958,3.5107541360281003
-3.3315438891825178,10.27943431498072
-6.421763501255812,0.42362136652952087
-10.58141905229001,-6.548542308166921
13.283712281170837,3.4105864145686016
-9.238621856624485,-4.52391975332658
8.094185188666168,-7.70016293775204
4.65617946095348,-2.4209897150237074
-4.0587348063183,9.24158684512846
10.626666205788634,0.7646749726746914
8.459870753621374,9.862159669026731
-7.53252002074666,-3.6902641239296377
-7.427901672736064,-12.309282119538484
14.235032593565867,-5.514796716427687
-8.039483395065565,11.474804573072747
-9.974661824109885,8.918650795869922
13.612385742019677,-5.36180550399721
0.260473731719154,-10.619128031800352
-14.638613543304638,4.278751161330026
-9.908235676735597,-11.342125669456408
9.481637620930583,7.261724297564623
-10.830463391600116,9.639909927970521
7.902458550702882,13.532942401918845
15.522553121888512,-1.9227964000882192
0.14535736124471002,2.4137508785020096
-4.879508290707326,2.5785972292460566
-4.163163128814194,-10.377394826027489
-4.175299331850915,1.2656772403441954
5.010427989633587,5.838584449447514
2.118583006152208,-12.132060050744597
2.884743779638179,-10.48383764322007
-7.709844287037976,-4.135620984894361
2.9327583263418786,0.0698665054705489
6.976756808209726,2.1094692754324824
10.004395229805274,-7.429427370648989
8.900838349757388,-10.986461236542251
6.274805606674239,14.603774944221493
14.524520632870441,0.7254296985664687
4.541811551731979,11.12922254525692
4.865957959819287,10.450613702866182
9.951963966597205,-2.1302943899854747
7.582427567145936,-6.39150411701441
6.988703904821317,-2.543152944435648
4.6318253168851955,-2.252652832829385
2.068627813016696,-4.909733850362621
-5.736120673141789,11.264193172104898
-11.942739545013103,-7.940151245732974
2.802520936295957,-5.338129105260695
-7.314553873477682,-10.634507098504482
3.3733093096317344,6.307227132214673
5.742658209307171,12.396775659335644
3.793723352597575,-8.037845486882581
15.200363748078718,3.8764992986849625
-6.75440848808065,-3.217112930790751
0.08797506675228597,6.446494588934873
-7.318504475896472,0.14179849565543023
-3.4371226918531717,13.48583365023174
10.895322591854699,-4.3813143891274615
-6.956279044027919,12.806888928992969
7.636285930478801,-8.385887823993105
5.6701723792700784,-1.2757364227632175
2.4349793735299192,-9.647101732649116
-11.95193972031005,-3.9889403850074316
-15.648521673975056,-1.6992472635612073
-0.6467467442793456,5.9399250777981285
-5.229860508231422,-1.2657141827376552
14.37900178522296,4.390132831571391
-9.66086765278356,5.054074385270726
1.9898430039133022,9.1162203014028
-1.3631066178473146,-6.061891767602882
6.037551097168441,10.179768957649733
15.514642103801487,-2.719197173176653
-4.355598286209303,-11.446089711855366
1.064223904483999,11.196364077520775
-3.945509101122687,-9.885158305965815
5.770348645791433,-1.4178286314170212
-3.0745246284592738,-11.30151321864961
-5.318491689401818,-6.270430141912277
-10.103796480947866,-3.585025819951874
-3.29112443672072,-3.0790709760932753
-12.960545093342596,0.9929479869155854
-6.531185452278389,1.6139845571513316
0.5525812984623042,-9.528158121285859
7.765089162521329,-3.5182718486699014
2.5177312029840895,13.483532630694814
9.082512344261117,12.985603828497565
-11.798892708382995,1.876781277837628
5.398413145801883,-14.178422664788854
-4.2353950299644305,-1.964258235274047
2.708064012282334,6.24457118867662
-14.960655090252393,-4.857987273075689
9.644360023831405,-10.482197135935621
-1.1739936426227942,4.188628859387009
-2.3945636384082443,12.292533999365316
11.223485573467539,-8.4418946203406
3.9583571526865557,-2.8833866475235563
-10.78338223505165,-6.061168245010655
11.24314940532933,-7.030330024240065
-15.192559085603309,1.8327902983006514
0.0510622325466977,6.327314025370088
11.245864379427362,-4.904503593028359
-9.581350782990546,1.580193572492135
7.493305988137129,-7.4689716626907385
-1.8438285418785882,-5.541660402387324
-3.7379160342724758,-13.571446402843351
2.877293831900832,-6.669105580455316
-2.168207371648885,-2.0874705808613814
-9.385235896279667,-8.14248091730048
-4.406156434992631,-5.893608982775928
15.846432601784757,-0.04806204730501275
6.833898631201083,-8.931981287971576
-11.306733033880068,10.659813434313362
8.930237365898849,2.149012846498419
-14.200801112049216,0.04267910701505516
12.54072488032998,-7.82411038834275
-9.158872353790127,3.936407608119038
-1.8600163243427987,11.174240001286822
3.9495773063209647,11.943307405874291
9.384182795826781,-5.09518044990123
-13.878623680836638,7.378912034335498
9.976879549231763,0.7335700726902568
10.489569290760512,-9.189731013346092
-6.218754188481572,-2.6020025503935096
0.7825353144998521,13.822788800148084
6.470979294607266,10.351513986748396
8.295499741270321,8.913092114544508
-13.324558757528877,0.24481638683882054
5.415062515628154,1.7675743518172868
-6.915193280311955,3.7125958754814317
-1.6051858159857666,-11.254464375759868
4.234070918805482,7.513331753653926
-2.032273538872701,0.11628180699513158
10.671540431478007,9.744139783687126
7.17693173564219,4.3687197482547715
13.318012343319046,-2.485116425217423
-3.509791627035718,-6.704638899669937
-2.9510939425444564,0.29975679245789105
-0.9460942796908015,14.03350324147413
7.782763572224436,-0.7143526777227706
-2.47616968807971,-9.680026160191957
-1.8123376216576976,-13.1809212673925
-15.983754672411482,0.5662381564531646
1.6062069354058681,-12.21685589179952
3.6478791011583755,-6.3614963746728685
-15.771123744126301,2.2243146121879773
-2.5769166703223165,0.384787564056907
12.000887314866686,-6.289227233045702
-10.491071521286708,10.629214388934995
-10.089663203388984,3.30816234117256
-5.857803595116395,-14.645707979014755
-7.29202609019176,6.505049142233694
8.721765584151926,12.41901947020388
-11.311323722074812,3.7546043298737133
-8.99363471404282,-1.456526430446651
-0.8211589323661489,-3.648942983031793
14.160855853723204,4.330844469757005
14.491023235496119,3.625366558827528
6.110770400758029,3.1382713465593826
5.390722808352048,-13.263185495777607
3.143457661623594,-11.743625248976835
-2.833107966141985,0.3326014583876328
0.09950896233454316,-7.779736393527525
2.9708082956561936,-13.950579756798142
-2.6299903605236112,14.879523139124187
4.359889925748468,-14.81305976185654
6.332038786884911,9.607642939798165
14.699663999109681,-3.075989116941229
1.8904245934965629,-1.319738939463364
6.933534555716303,1.4771548191794186
5.33317910111621,-6.91884064502245
-2.972783274241319,9.332848677897298
-0.18099273663689763,-4.70102904523021
8.228621247580389,7.5130083539369785
12.367808482781683,-3.6187248237091696
-14.170766484655601,-1.6859825576843424
-8.698859870596834,-5.90585051519317
5.333411940036121,-8.182047036450774
-4.974049423310502,-10.109462545884606
9.111410406322694,-4.495887977860401
7.469280863120655,10.963128530072906
10.450361879334935,-10.048476936449799
-2.2608057961097217,7.6204486172524035
-6.363370926059841,-11.39484693505987
11.240039529050891,-8.542328524439828
8.714662980042835,-6.994008432246976
5.9183946236027944,6.277482786748454
0.322727803500307,-2.9345604278420296
-7.464408693143801,4.964966842881473
7.438901370937583,6.448577668625116
-15.531861024808975,1.1078941162936489
-9.364465240563316,9.048805459268232
0.4881823815025745,3.4368000890425567
11.873929580478661,-3.457559782437386
-1.2132415859816847,-13.09581031930668
15.445745071498516,-1.3209569692183185
-9.473732148773108,0.5650839980936517
-6.947662968879673,-1.4701940537959768
8.653788441119598,-9.090481824958061
-15.501986615072864,-2.7176835913823556
10.503299041329674,-11.002215432048214
3.801626585748891,9.168394008636692
-5.071609878619477,13.07471547258784
-6.314742394071837,-7.515559543069519
-0.8124455462737296,-1.2156409287690788
-6.618297027784348,10.332072024811438
-0.5678344898541947,-10.041695633512424
-4.371491148421677,-0.8032679237403643
7.911799519833985,-2.4331421148850674
-1.9566325900302084,5.4616224570824565
-0.8738577209799824,10.562300979614353
6.16741877629828,13.506574918568615
-5.493277587251764,10.23354134459484
8.261041712093629,-8.234121894896525
1.6674987884848689,2.7973804380406384
10.493535257534196,-11.609884905992287
-7.537598455178169,4.2538077394732285
5.10129323561298,-11.971341158390958
10.592688658785574,2.996885158222007
6.4955405743723125,13.97244776017938
-0.6863954618709475,3.938733423580227
-7.87639434899325,-3.5605107088321994
1.630684401402123,2.6736170721357
9.919511839612195,6.355420880154624
-8.077322171341484,-1.178629100735575
5.719641854536258,-12.699497270871529
4.813873831034292,13.210801316065236
-3.107412575002723,-10.789778619653342
-13.02155366829369,-3.7078608662032684
-3.2617845695259677,-13.56140014659994
0.14816552833810806,-0.7976106952197675
-0.22369184678195042,-4.78278318635006
-6.248193255889114,13.671280905153518
8.62472166762334,-8.173481163571656
-4.399754000743926,-1.383093423583114
7.852038856128885,-4.422182790995399
-5.6675275169637835,-5.194342919499958
-1.835051851615404,-0.7004600869891682
-14.780576969935716,-2.191532374308382
-1.872617511298381,-14.818201771554863
-7.065389811401884,-9.048275968833314
-9.639051575291441,2.312889619546032
13.27743135960009,4.554012416080584
-2.4796479503193476,3.2065254754475543
-10.085209801925116,10.732839739075313
2.9988127458698184,12.14067517996596
-3.285229114027878,-9.296629176517525
-8.787925631957933,-10.365864493266349
9.728558769585398,10.230741811725808
-11.542897318040968,5.538416080765663
-1.1284747473842593,-5.32006235899733
-8.4265208196439,6.711033179736541
1.048297930523763,14.438951801502125
2.968563489877298,-3.5586277424600525
7.515827368111257,4.830955458432592
-15.319457511951088,1.5642193523070722
-1.928170465055977,-4.542191523129745
3.0248588260013403,2.394302938964108
4.4625166275812065,12.240717296986535
-1.723015993246499,0.9886094320724046
2.2904754874592244,4.1327665643730604
2.638970917818491,-6.340525922649916
-3.2280498243454163,-1.7220274457251423
-13.361411540016569,8.291636728642375
12.565923923481664,1.745333059691917
-1.1134345449529055,0.5667627381163756
-4.722932116153086,0.2636581618998736
7.413967262839819,13.65771691165236
4.713757553345286,-11.681082970847754
5.349834299872499,-7.465352345768919
14.099059704299858,5.887450993846978
5.999129767950187,-10.851007474756148
-3.725703164362873,-4.689847354033329
-5.846478916285526,-5.142449912451045
-1.686099198898797,4.9183945187034
3.8198088857376695,-11.127953909162516
-14.763999251793736,3.6750452694504503
-11.200405543296121,8.628797833423823
-6.444725924440458,12.1868892748943
-14.34394478415843,0.7318195003770955
5.450113307069049,-5.866449044985262
12.356613068576554,-1.997640390469017
-15.243070978172758,1.8593115602022245
11.231675280558239,8.39720381676123
-0.6391444856281701,5.156522216404421
3.2791380244696864,0.23737610368046666
0.1547358022048907,9.273615717236606
3.768838452659989,0.25014388034501545
-7.290837434724838,10.209970935216575
2.4894134978022033,8.406344891252955
9.219357168511772,9.749546355347947
-8.978071467159511,4.322833619605466
3.4150892940483635,9.281379554324916
-5.5896340170789305,-14.834016348544653
4.1007488724076655,-3.371429902597992
-4.868016721047396,9.604930353747218
-9.974748302507647,-5.493925973310392
5.283585262572727,-14.649567887691044
5.924498025406153,-10.910231415278844
3.4744488483797142,-6.348782884783707
3.798594441828388,14.3679051130767
-6.696398010816349,0.3437171200610776
12.137969892946343,-0.5544702708799742
-5.912305350114767,-4.23954179444789
8.203434985369915,-3.51681342352671
8.675889084984197,2.5591267861323947
-14.261093229083354,0.9119373516038205
9.176496494819903,-12.151816510121346
-1.824737734195264,14.04212134773954
15.204997605419035,-4.328594744470487
-1.9401914589518194,4.61152252313205
14.222210625322248,6.57371160051257
-3.9320857979906085,-9.739547005081416
15.330359814698948,-0.5784766333641913
-2.3422387953838273,4.060760668044604
-15.276133730376648,-4.705196018328268
-8.322826557727637,-1.78641439188873
10.350349008258865,-9.890801104490063
-7.105480941908699,7.6358963122222985
-4.947719442910525,9.618235897922178
-4.808206546946521,-1.5014156394051408
3.220111901156954,2.907445582067476
-11.28390015762464,-0.3035232021999309
5.103991723619334,7.846597224145267
-4.259789932845186,8.641840482986444
4.16047231600182,-4.390041199747974
11.072931235616409,3.4358514191346607
-4.230439076541678,-1.1766792238016985
4.510623070156334,11.59636749334572
15.014197999562699,-5.404428456634651
4.017963581286426,-10.021876290980194
14.153805180616407,0.8978705741680525
-7.134905685939676,8.787205832396875
0.39998435548647,14.390468223828375
-5.663243311134308,-4.075649619495724
7.999018396392492,10.538362771716233
-3.5209382793018293,9.851146672237208
-3.025016861344024,8.449811602207648
13.132814753219135,8.59367512054174
8.615019820247987,5.113162558701386
-0.9459888970463881,-10.457966932196541
-2.6497637624127175,-14.744918063838158
-15.443270706277566,-0.6809212510055632
-8.512495864783524,4.5523026790960985
-9.694955155790582,-10.31050361776976
-9.169174796058396,-8.200019600216605
-1.8096075772843054,-8.988300221194715
3.539866668101447,-13.578683701030007
6.713546191101239,10.174316582633153
-13.93418686646632,5.352117171997449
-0.9949640411721431,-13.054967929935529
-10.072414597292454,-4.448652174251403
-4.381184315907641,-0.23328035274315367
0.41360990341427406,-8.5506953487446
-3.3543673991951732,-15.076802300180715
-13.834862911870578,7.947938125091969
11.49946956013099,-6.214153895077146
4.599403546424216,-12.25466009288052
9.080559499024769,-9.58551565644647
-4.991027076637195,-10.854978976793213
-12.849953346788475,5.597579675944271
13.565063634607723,-0.24731437861901207
11.377205721009943,1.4874901321132783
3.187511071141465,-12.371063531136517
8.253907853935106,13.308709598308228
-8.646111071617643,-9.309087652902827
-7.720121355888834,-5.891587557814371
3.310448848292457,12.025912635912675
4.789248805395225,3.9934045437034484
-11.159140566922298,0.7981052016586705
-7.825827619016006,8.353311709804967
-7.517926984327752,-6.409658000531955
7.352801270921239,-11.015397370982377
8.388559371406924,6.455081690425192
5.406310194810811,6.656697157758556
-1.9102385032598947,6.307493589392391
-11.73135646674126,-0.4504513714040545
7.767815217426124,-12.7759112042068
-5.430603463132428,14.368625841322874
13.758677055072482,-0.31606503258256285
5.675117227248198,0.428579129650523
5.751677601003599,3.2863175696732094
15.246661879052679,-3.9521702114368598
-9.568871483691328,-10.608744502364216
-8.323819023693853,4.484728852070462
1.9099927307403761,13.220176108280937
3.5277982140071846,-6.29544873445377
-3.6128685510899676,-9.1041750759402
3.9954349893402674,-14.13432614628409
2.051018303039112,4.718961488033085
-2.534278435828847,0.8236991122441654
3.641155581534776,8.814175612340247
11.919401516517206,4.239482522437728
-4.828422090904449,-4.621146052977747
7.075037992146269,11.537404038314492
-11.394609988026561,0.5605552568795505
-6.790645368229023,-10.066698396117394
3.2384915007792596,13.108171303213052
3.396333815484218,-1.2672122499574212
-11.426156807956497,6.375279624956933
9.558830804672631,4.656746110367667
-7.518704587329797,-1.0571694580967235
4.19672628102529,5.499030763732105
-9.982925557661835,11.823376508741104
-7.593625686995076,4.6169312868799315
-7.511965434979553,7.180627982465455
-10.823719871185917,-9.067221669722443
-1.9995968520892873,1.189728022476239
-5.414381423180488,-12.599806683136814
4.395699382441026,-13.24489250194131
2.6354865929056843,-13.358523150507079
-1.2745822293917533,-5.655578326248323
-15.847292628773378,0.361403846789433
8.073066616419458,-8.897987063217034
-0.06412137041548256,-3.9787258410314665
-15.75614936101699,2.747729163988644
0.433025286819559,3.0652123326547525
8.844424774432596,5.984490690644799
-10.52033012004847,10.38165895113992
-13.582737478887728,7.820029562928868
9.5863784968634,-1.9605246911730487
1.4454727250292698,3.674371795780038
4.8310698355387895,-2.3238762257942613
-4.866416744073988,-4.896571151288079
-0.9567676195834613,-12.630850971002703
-1.1514686052144203,10.419524480851477
2.635902704299481,-4.22951223064061
10.750195140765296,-2.474949608394012
3.5508167255198813,-12.317321750159097
6.548307115921281,-6.52261403585817
-11.079864744709614,-3.730900137532057
-5.659108334556807,-4.434716359697404
11.642017958454845,3.588750396768025
-11.05848653380112,4.398212528123865
-10.351230795245892,-6.56502733509293
-5.661649570179405,7.200702257019387
1.4850872130683808,-1.4936538291182948
15.031249116240474,-3.501001498123795
-0.19384784487342394,12.801815311252094
0.1448551916792335,-12.305824015582278
5.395092267457305,-5.69867693859102
10.094970563857975,5.766647337643883
-5.686155054951362,-4.6615261963706445
4.290428676650713,6.921913237384552
-2.650297668290285,5.998740628541224
4.537884336722365,-8.74195061339958
-3.5477676890321606,-11.404084617047584
-2.454008437399485,3.110739413134906
-9.94120374357388,7.357063516879051
-5.230380525430324,-11.055694209790762
11.107412118086396,8.98337547447553
-1.098606955378557,7.109713191287232
-13.354319126061053,2.2699759016858017
3.977883680749824,-13.381698116766954
-2.5438111826617513,12.23567414662148
11.515741613964297,-3.3403964445143695
3.405067850971327,-2.516870740779351
-4.7852904741492965,1.3977405772763705
-7.2500047589600864,12.637232527932753
7.033557924024683,-8.497482729093955
1.189188315042817,10.317012362457763
8.534157789463078,7.61892334911303
7.089598679148785,8.779288888346285
12.663504575119505,4.860333957866143
2.9387493079656535,-6.646252598461057
-6.640894712726298,-11.414424016176183
7.175656793831872,-0.20787412150153625
12.124293039064032,-0.3197465704401669
10.85342400119266,3.7163469009050187
-4.364230298121794,-14.837112707843922
9.714355997364342,9.859743931516135
2.3720877525781363,-4.8369237559820935
10.427035635887153,-9.673844660235993
7.99460175949668,-1.6789360903679127
5.7417197272286415,-9.824850117366138
-4.0565240016643145,-0.013936644681741531
-1.376375380884857,13.338006450096795
1.3521427995530284,15.540181273501048
13.116292772023302,8.677887316379795
7.82768252370356,13.077343643955912
-3.0603296106494704,-14.51510569788757
-6.218104658721108,10.839189110625382
3.137807146437678,-9.020011130357823
-3.9094597876892365,1.0940736740389956
6.525132757897281,6.4373213587388465
11.589349917088619,2.9880956613823852
7.6495270571638345,5.721349368172714
3.545389040606292,-8.29170879865202
-5.6267032737353295,1.5657858367023119
14.042754062539078,5.0100576796241825
-6.127870612913857,5.038466159314218
12.943349526672838,-6.824404205694458
5.6543225529843975,4.055492482807753
-4.5414722746518965,10.715395106016441
3.212012986533078,-0.2851784427251254
4.232733075233709,-9.70790550085968
6.015160184843149,-7.300125686853906
-3.466945190762535,11.081854059153088
-9.770944231440337,-4.17767472944245
-8.362697763641055,13.318546074482757
10.867968276561319,-3.821686549904526
8.18456574288657,11.796378744008495
3.82254670490669,-12.369210845648354
14.7508840287029,-3.890850998146492
-1.7267502426498411,0.7730917291267166
-1.1286027956892875,-9.887135390647861
6.028738224370637,-8.293779674215813
9.188964495053595,8.980051528262372
12.622010545647818,0.9420884270768809
4.976836937506828,-3.5499137967173686
